0.94793,1.0919,1.2592,0.96759,1.1856,0.20847,0.63488,0.11707,0.39102,0.20068,0.82287,0.43387,0.52592,0.97065,1.1318,0.74944,0.48798,-0.017011,0.7076,0.010258
0.94793,1.1518,1.3042,0.96759,1.1856,0.23549,0.64542,0.11707,0.39102,0.26307,0.84228,0.43387,0.52592,1.0312,1.182,0.74944,0.48798,0.036549,0.72091,0.010258
0.94793,1.1889,1.3328,0.96759,1.1856,0.23549,0.64542,0.11707,0.39102,0.31849,0.85224,0.43387,0.52592,1.0689,1.2133,0.74944,0.48798,0.090406,0.73033,0.010258
0.94793,1.2062,1.3465,0.96759,1.1856,0.23549,0.63816,0.11707,0.39102,0.36915,0.84718,0.43387,0.52592,1.0864,1.2285,0.74944,0.48798,0.13632,0.73656,0.010258
0.94793,1.2118,1.3511,0.96759,1.1856,0.23549,0.60462,0.11707,0.39102,0.41594,0.82726,0.43387,0.52592,1.0921,1.2342,0.74944,0.48798,0.17181,0.74251,0.010258
0.94793,1.2125,1.3509,0.96759,1.1856,0.23549,0.56579,0.11707,0.39102,0.45798,0.79954,0.43387,0.52592,1.0926,1.2352,0.74944,0.48798,0.20105,0.75083,0.010258
0.94793,1.2103,1.3466,0.96759,1.1856,0.23549,0.56579,0.11707,0.39102,0.49332,0.7761,0.43387,0.52592,1.09,1.232,0.74944,0.48798,0.23019,0.76175,0.010258
0.94793,1.2015,1.3337,0.96759,1.1856,0.23549,0.56579,0.11707,0.39102,0.52096,0.76748,0.43387,0.52592,1.0809,1.2204,0.74944,0.48798,0.25984,0.77375,0.010258
0.94793,1.1808,1.3057,0.96759,1.1856,0.23549,0.56579,0.11707,0.39102,0.54009,0.77634,0.43387,0.52592,1.0595,1.194,0.74944,0.48798,0.28666,0.78515,0.010258
0.94793,1.1451,1.2587,0.96759,1.1856,0.23549,0.56503,0.11707,0.39102,0.5506,0.79623,0.43387,0.52592,1.0226,1.149,0.74944,0.48798,0.30586,0.79501,0.010258
0.94793,1.0973,1.196,0.96759,1.1856,0.23549,0.54473,0.11707,0.39102,0.55266,0.81939,0.43387,0.52592,0.97242,1.0882,0.74944,0.48798,0.31509,0.80326,0.010258
0.94793,1.0454,1.1272,0.96759,1.1856,0.23549,0.53535,0.11707,0.39102,0.54582,0.83976,0.43387,0.52592,0.91748,1.0212,0.74944,0.48798,0.31486,0.80916,0.010258
0.94793,0.99133,1.0594,0.96759,1.1856,0.23072,0.52997,0.11707,0.39102,0.52982,0.85461,0.43387,0.52592,0.86033,0.95308,0.74944,0.48798,0.30761,0.81152,0.010258
0.94793,0.92448,0.98362,0.96759,1.1856,0.21809,0.52412,0.11707,0.39102,0.50565,0.86159,0.43387,0.52592,0.79093,0.87386,0.74944,0.48798,0.29557,0.80879,0.010258
0.98075,0.82394,0.87897,0.60037,0.3604,0.19961,0.52395,-0.37483,0.19266,0.47541,0.85797,-0.017509,0.72046,0.68737,0.76131,0.33435,0.1274,0.27877,0.80027,-0.2285
1.0254,0.67143,0.72525,0.64784,0.43625,0.16551,0.49358,-0.3436,0.19089,0.44151,0.8429,-0.024961,0.77799,0.52855,0.59258,0.42902,0.12693,0.25534,0.786,-0.23703
1.0499,0.46069,0.51716,0.68344,0.4511,0.12187,0.40225,-0.21255,0.18572,0.40477,0.81811,-0.011199,0.81017,0.30335,0.35349,0.49406,0.12322,0.22325,0.76522,-0.21694
1.0596,0.22526,0.28739,0.71212,0.46452,0.043264,0.30485,0.077113,0.18465,0.3649,0.78919,0.052156,0.82347,0.040309,0.06373,0.53601,0.12108,0.18477,0.73468,-0.14691
1.0586,0.09127,0.15061,0.74751,0.47822,-0.012552,0.2003,0.45756,0.19717,0.32169,0.76441,0.16742,0.8213,-0.11292,-0.14666,0.57458,0.1237,0.14735,0.69002,-0.021779
1.0504,0.15411,0.20094,0.80154,0.47822,-0.050936,0.17125,0.74525,0.2251,0.27709,0.75066,0.31017,0.80809,-0.032286,-0.094447,0.6298,0.13115,0.12002,0.6304,0.13924
1.0381,0.30292,0.34841,0.87112,0.47822,-0.022146,0.2097,0.92556,0.26209,0.23616,0.74819,0.44616,0.78869,0.13773,0.10154,0.70657,0.14237,0.10757,0.56302,0.2998
1.0254,0.43635,0.49133,0.93966,0.47822,-0.0019044,0.25783,1.0059,0.2999,0.20478,0.75018,0.55438,0.76861,0.28197,0.28372,0.78795,0.15736,0.10957,0.50398,0.43158
1.0173,0.52866,0.59526,0.99073,0.52643,0.0042199,0.30853,1.0205,0.34465,0.1842,0.7478,0.62753,0.75526,0.38036,0.41333,0.85264,0.17661,0.12659,0.46921,0.52327
1.018,0.58076,0.65754,1.0182,0.55561,-0.014065,0.33317,1.0205,0.40528,0.17261,0.7355,0.66692,0.75343,0.43661,0.49195,0.89147,0.20054,0.1567,0.46099,0.57555
1.0278,0.60308,0.68795,1.0257,0.56492,-0.037423,0.33317,1.0205,0.47835,0.16572,0.71383,0.67909,0.7644,0.462,0.53187,0.90722,0.22766,0.19485,0.46777,0.59543
1.0423,0.6092,0.70056,1.0215,0.56492,-0.036486,0.33317,1.0205,0.5473,0.16103,0.68821,0.6735,0.78221,0.46984,0.5493,0.9085,0.25447,0.23208,0.47732,0.59303
1.0677,0.61108,0.7092,1.0337,0.56492,-0.026546,0.33317,1.0205,0.614,0.15913,0.66557,0.681,0.81107,0.47221,0.56041,0.92876,0.2873,0.26185,0.48535,0.60129
1.0802,0.61472,0.72262,1.0465,0.56492,-0.022275,0.33317,1.0205,0.65912,0.16049,0.64957,0.68642,0.82961,0.47652,0.57778,0.95049,0.31476,0.28299,0.49271,0.60521
1.0772,0.63221,0.75884,1.0594,0.60628,-0.022275,0.33317,1.0205,0.68564,0.16445,0.64129,0.69242,0.82984,0.49577,0.62094,0.97187,0.34013,0.29831,0.50165,0.60811
1.0682,0.68205,0.83921,1.0829,0.70307,-0.022275,0.33317,1.0292,0.70285,0.17144,0.64015,0.69939,0.8212,0.5519,0.7124,1.0035,0.36784,0.31144,0.51267,0.61125
1.0647,0.76916,0.9593,1.1273,0.80462,-0.022275,0.33317,1.045,0.7187,0.18405,0.64465,0.7066,0.81725,0.65021,0.84456,1.0548,0.39813,0.32352,0.52585,0.61403
1.0701,0.87337,1.0884,1.1924,0.85477,-0.022275,0.33317,1.0711,0.73585,0.20535,0.65378,0.71235,0.82425,0.76741,0.98446,1.1255,0.42631,0.33502,0.5404,0.61546
1.0796,0.96606,1.1962,1.2637,0.85612,-0.022275,0.33985,1.0874,0.75285,0.23494,0.66543,0.71348,0.83778,0.87154,1.1004,1.1997,0.44798,0.34642,0.55539,0.61219
1.0852,1.028,1.2683,1.3231,0.85612,0.025007,0.34361,1.0874,0.76846,0.26687,0.67455,0.70552,0.84938,0.9426,1.1783,1.2595,0.46381,0.35851,0.5689,0.59887
1.0841,1.054,1.3032,1.359,0.85612,0.075811,0.35069,1.0867,0.78203,0.29239,0.67508,0.68225,0.85496,0.976,1.2175,1.2937,0.47854,0.36993,0.57717,0.56743
1.0775,1.0498,1.3081,1.369,0.87543,0.085285,0.36076,1.0837,0.79253,0.30542,0.66459,0.63831,0.85435,0.97788,1.2254,1.3011,0.49617,0.37625,0.57669,0.50916
1.0691,1.0287,1.2954,1.3589,0.89125,0.085285,0.34362,1.0682,0.79872,0.30511,0.64643,0.572,0.85004,0.96151,1.2144,1.2878,0.51499,0.37188,0.56612,0.41876
1.0593,1.0051,1.2781,1.3389,0.90221,0.07511,0.30477,1.0082,0.79636,0.29563,0.62861,0.4888,0.84112,0.9413,1.198,1.2645,0.52971,0.35273,0.54637,0.29916
1.045,0.98861,1.2651,1.3186,0.90597,0.057351,0.30273,0.91284,0.78048,0.28321,0.61831,0.40361,0.82539,0.92649,1.1849,1.2406,0.53522,0.31916,0.52041,0.16737
1.0227,0.98114,1.2591,1.3033,0.89721,0.050771,0.30273,0.83853,0.74802,0.27294,0.61564,0.33611,0.7995,0.91948,1.1787,1.2217,0.52992,0.27693,0.4922,0.053266
0.99358,0.97962,1.2583,1.2931,0.8886,0.040749,0.30273,0.79214,0.70214,0.26715,0.61494,0.2962,0.76651,0.91796,1.1776,1.2083,0.51626,0.23601,0.46568,-0.017863
0.96609,0.98022,1.2585,1.2849,0.88334,0.012602,0.30273,0.76105,0.65388,0.26533,0.61015,0.27616,0.73706,0.91846,1.1778,1.1971,0.49925,0.20559,0.44296,-0.049693
0.94949,0.98114,1.2569,1.2775,0.88334,0.008554,0.30273,0.75341,0.6164,0.26528,0.59997,0.26229,0.72189,0.91891,1.176,1.1871,0.48151,0.18826,0.42416,-0.064047
0.9439,0.97738,1.2475,1.2682,0.88334,0.018551,0.28373,0.75341,0.59438,0.26516,0.58584,0.24666,0.72199,0.91477,1.1663,1.1752,0.46252,0.17965,0.40687,-0.07391
0.93751,0.95825,1.2198,1.2496,0.88334,0.018551,0.2696,0.75341,0.58061,0.26202,0.57037,0.2281,0.72372,0.89555,1.1382,1.1526,0.43959,0.1727,0.38888,-0.086582
0.91681,0.91165,1.1607,1.211,0.88334,0.018551,0.25821,0.74588,0.5648,0.25197,0.55485,0.2078,0.71178,0.84857,1.0785,1.1069,0.41197,0.16328,0.36828,-0.10354
0.87736,0.82954,1.0583,1.1408,0.87777,0.021357,0.25821,0.71243,0.5421,0.23137,0.53686,0.18731,0.6797,0.76349,0.97336,1.0232,0.38292,0.14894,0.34517,-0.12512
0.82657,0.71726,0.90891,1.0338,0.84168,0.021357,0.25821,0.64824,0.51321,0.19655,0.51142,0.16577,0.63382,0.64224,0.81676,0.89337,0.3566,0.12666,0.31992,-0.14785
0.78278,0.60795,0.73402,0.89896,0.82498,0.02033,0.26321,0.51812,0.47868,0.148,0.47517,0.13888,0.59397,0.51499,0.6274,0.72475,0.33341,0.09181,0.29146,-0.16552
0.76333,0.57367,0.62916,0.78656,0.80965,0.010615,0.26471,0.36146,0.43948,0.090632,0.43004,0.10689,0.5804,0.46208,0.51031,0.58464,0.30963,0.041236,0.25913,-0.17419
0.77231,0.64947,0.69747,0.77747,0.80773,-0.024336,0.24829,0.24214,0.3986,0.032233,0.3825,0.074699,0.60144,0.53729,0.58959,0.59505,0.2805,-0.022272,0.22345,-0.1742
0.79807,0.77687,0.86163,0.87267,0.78029,-0.06557,0.20138,0.15405,0.36161,-0.019401,0.33916,0.049176,0.64526,0.6761,0.773,0.73581,0.24618,-0.089169,0.18645,-0.16996
0.82373,0.8935,1.0117,0.99209,0.74107,-0.066297,0.1295,0.083312,0.33474,-0.061078,0.30137,0.036052,0.69124,0.80337,0.93567,0.88641,0.21175,-0.14785,0.15167,-0.16642
0.83948,0.98299,1.1227,1.0934,0.67287,-0.054167,0.1295,0.072178,0.31894,-0.093088,0.26537,0.035288,0.72586,0.89962,1.0531,1.0032,0.18534,-0.19215,0.12193,-0.16712
0.84427,1.051,1.2037,1.1735,0.5917,-0.037027,0.1295,0.21475,0.31065,-0.11601,0.22867,0.042803,0.74647,0.97057,1.1359,1.0885,0.17268,-0.22615,0.097216,-0.16952
0.84185,1.1077,1.2698,1.2408,0.52004,0.01464,0.1658,0.36507,0.30618,-0.13101,0.19112,0.054773,0.75643,1.0276,1.2004,1.1549,0.17241,-0.25971,0.074264,-0.17113
0.83645,1.1578,1.329,1.2992,0.49482,0.068857,0.26599,0.45339,0.30333,-0.14087,0.1548,0.070029,0.76054,1.0767,1.2563,1.2096,0.17719,-0.30114,0.048706,-0.17167
0.82843,1.1996,1.38,1.3456,0.48186,0.11615,0.30675,0.46603,0.30145,-0.14821,0.11984,0.085431,0.75966,1.1174,1.3039,1.2519,0.18118,-0.35376,0.016943,-0.17182
0.81477,1.2296,1.4183,1.3769,0.47773,0.14803,0.32573,0.47399,0.30149,-0.15484,0.085246,0.098406,0.75118,1.147,1.3403,1.2803,0.18154,-0.415,-0.020966,-0.17227
0.79462,1.2475,1.4421,1.393,0.46408,0.1391,0.32573,0.47399,0.30517,-0.16139,0.049592,0.10706,0.73379,1.1649,1.3634,1.2948,0.17961,-0.4782,-0.063133,-0.17179
0.77139,1.2563,1.4546,1.3988,0.43279,0.12985,0.32573,0.47399,0.31366,-0.16861,0.014517,0.11086,0.71096,1.1737,1.3759,1.3,0.17834,-0.53872,-0.10807,-0.16846
0.7496,1.2589,1.4605,1.3998,0.41335,0.12368,0.31902,0.47399,0.32631,-0.17968,-0.018476,0.10987,0.6876,1.1764,1.3821,1.3013,0.17917,-0.59738,-0.15611,-0.1622
0.73199,1.2562,1.4618,1.3978,0.41335,0.09178,0.31902,0.47399,0.34047,-0.19585,-0.048855,0.10331,0.66728,1.174,1.3837,1.3005,0.18196,-0.65657,-0.20868,-0.15429
0.7161,1.247,1.458,1.3926,0.41335,0.049064,0.31902,0.47399,0.35364,-0.21769,-0.078434,0.093303,0.64793,1.1653,1.3801,1.2965,0.18522,-0.71224,-0.26475,-0.14705
0.69678,1.2276,1.4449,1.3801,0.41583,0.030596,0.31902,0.47176,0.3644,-0.24224,-0.11201,0.081167,0.62377,1.1464,1.3672,1.2847,0.18641,-0.75198,-0.32136,-0.14074
0.67,1.1933,1.4172,1.3553,0.4393,0.025464,0.31902,0.4668,0.37392,-0.26565,-0.15421,0.068702,0.59041,1.1118,1.339,1.2586,0.18362,-0.76913,-0.37625,-0.136
0.63427,1.1414,1.3714,1.3151,0.46152,0.025464,0.31902,0.45765,0.38366,-0.28752,-0.2066,0.059106,0.54617,1.0581,1.2915,1.2143,0.1758,-0.77074,-0.42977,-0.13491
0.59604,1.0755,1.3108,1.2622,0.48328,0.025464,0.31902,0.45318,0.39399,-0.30872,-0.26468,0.052739,0.49875,0.98821,1.2269,1.1538,0.16323,-0.76921,-0.48193,-0.14096
0.56258,1.0021,1.2417,1.2005,0.50017,0.025464,0.31902,0.44954,0.40383,-0.33163,-0.32008,0.047888,0.45672,0.9091,1.152,1.0825,0.14642,-0.77508,-0.53013,-0.1566
0.53671,0.92343,1.1663,1.1294,0.47406,0.025464,0.31902,0.44755,0.41176,-0.35776,-0.3652,0.040662,0.4231,0.82438,1.0708,1.0022,0.12712,-0.79273,-0.57022,-0.18091
0.51184,0.83252,1.0771,1.0415,0.41797,0.022087,0.31461,0.44291,0.41664,-0.38902,-0.39768,0.028248,0.3881,0.7277,0.97752,0.90722,0.10998,-0.82128,-0.6007,-0.20849
0.47967,0.71816,0.96056,0.92882,0.3315,0.0092888,0.30156,0.42856,0.41748,-0.42574,-0.4221,0.010377,0.33892,0.60724,0.85924,0.78757,0.10618,-0.85602,-0.62345,-0.22966
0.43859,0.5755,0.80827,0.794,0.24874,0.0052544,0.27636,0.34773,0.41343,-0.46595,-0.44373,-0.0099099,0.27135,0.4549,0.70623,0.64338,0.12796,-0.88879,-0.64105,-0.23567
0.39822,0.41562,0.62589,0.65852,0.20498,-0.042045,0.18367,0.25821,0.40382,-0.50434,-0.46514,-0.027567,0.19809,0.27617,0.51962,0.49183,0.17637,-0.90881,-0.65453,-0.22395
0.37032,0.26462,0.44264,0.56125,0.19541,-0.11279,0.080362,0.20156,0.38975,-0.53453,-0.48225,-0.03772,0.1396,0.0966,0.3253,0.37578,0.23791,-0.90734,-0.66212,-0.19771
0.36076,0.14153,0.29173,0.51888,0.19702,-0.21088,-0.031359,0.1532,0.37563,-0.55287,-0.49635,-0.036656,0.1077,-0.057904,0.15617,0.32073,0.29627,-0.88546,-0.66443,-0.16387
0.36896,0.043857,0.18002,0.51099,0.21124,-0.31726,-0.13241,0.11604,0.36702,-0.5593,-0.50601,-0.021378,0.097724,-0.17902,0.024532,0.30791,0.34318,-0.85337,-0.66475,-0.12765
0.38969,-0.030879,0.10654,0.51952,0.22691,-0.52156,-0.25963,0.10135,0.36731,-0.55597,-0.50974,0.0067251,0.098075,-0.2702,-0.063324,0.31553,0.37924,-0.82346,-0.66779,-0.092709
0.41834,-0.076818,0.073907,0.53395,0.22866,-0.60246,-0.34256,0.11672,0.37511,-0.54751,-0.50554,0.04107,0.10211,-0.32705,-0.10044,0.33063,0.40874,-0.80402,-0.6773,-0.061961
0.44789,-0.095305,0.074047,0.54366,0.23861,-0.61032,-0.36261,0.15598,0.3853,-0.53903,-0.49392,0.07334,0.10193,-0.35582,-0.10124,0.33856,0.43493,-0.79772,-0.69259,-0.03871
0.47089,-0.10182,0.082665,0.53809,0.23989,-0.61846,-0.37776,0.1559,0.39202,-0.53544,-0.48068,0.098322,0.085099,-0.37152,-0.097123,0.32478,0.45839,-0.8033,-0.71067,-0.024084
0.48427,-0.10481,0.084643,0.51358,0.2281,-0.62593,-0.40446,0.15801,0.39201,-0.53782,-0.47094,0.11566,0.044085,-0.38221,-0.10831,0.28044,0.47892,-0.81651,-0.727,-0.017126
0.48991,-0.10175,0.080975,0.47909,0.20974,-0.62718,-0.45234,0.16261,0.38635,-0.54464,-0.46638,0.12898,-0.019509,-0.38232,-0.1312,0.21494,0.49681,-0.83126,-0.73927,-0.014629
0.49327,-0.088668,0.081879,0.45082,0.20643,-0.61566,-0.47925,0.16064,0.3789,-0.55193,-0.46592,0.14222,-0.085098,-0.36882,-0.14873,0.15086,0.51358,-0.84123,-0.74929,-0.011576
0.49933,-0.064966,0.096894,0.44402,0.19899,-0.55363,-0.4864,0.15369,0.37387,-0.55687,-0.46785,0.15895,-0.12497,-0.34018,-0.14195,0.12511,0.53047,-0.84385,-0.76176,-0.0034875
0.51171,-0.035389,0.12338,0.46141,0.21473,-0.50453,-0.4864,0.15425,0.37319,-0.55903,-0.47243,0.18022,-0.11533,-0.30072,-0.11494,0.15562,0.5468,-0.84241,-0.78119,0.011686
0.52908,-0.0083735,0.1485,0.49229,0.22644,-0.4847,-0.4864,0.17634,0.37667,-0.55924,-0.48079,0.204,-0.068077,-0.25887,-0.087304,0.21832,0.55894,-0.84315,-0.80871,0.030685
0.54773,0.0090378,0.15951,0.52331,0.23193,-0.48033,-0.4864,0.17162,0.38334,-0.55893,-0.49415,0.22726,-0.011179,-0.22573,-0.075863,0.28374,0.56216,-0.85134,-0.83992,0.04871
0.56371,0.01431,0.15194,0.54817,0.23193,-0.48033,-0.4864,0.16813,0.39282,-0.55924,-0.51184,0.24646,0.035175,-0.20982,-0.085741,0.33534,0.55413,-0.87064,-0.86715,0.061128
0.57488,0.010617,0.13269,0.56789,0.23193,-0.48832,-0.4864,0.17928,0.40536,-0.56037,-0.53124,0.25986,0.063886,-0.21507,-0.10637,0.37323,0.53716,-0.90189,-0.88387,0.06673
0.57945,0.0054777,0.11759,0.58913,0.23193,-0.52504,-0.4864,0.20026,0.41991,-0.56218,-0.55069,0.26799,0.075882,-0.23522,-0.11591,0.40719,0.51742,-0.94238,-0.8892,0.067516
0.57592,0.0042926,0.11766,0.61407,0.24733,-0.57111,-0.48477,0.23263,0.43393,-0.56462,-0.57065,0.27192,0.075803,-0.25919,-0.10309,0.44307,0.50034,-0.98497,-0.88858,0.066566
0.56397,0.0077378,0.13096,0.63827,0.27889,-0.56428,-0.47411,0.25547,0.44394,-0.56764,-0.59394,0.2732,0.068437,-0.27669,-0.074812,0.47703,0.48626,-1.0203,-0.88903,0.06683
0.5448,0.011746,0.14893,0.65728,0.29542,-0.56888,-0.47055,0.27691,0.44756,-0.57179,-0.62275,0.27431,0.060941,-0.28446,-0.042924,0.50562,0.47069,-1.041,-0.89486,0.069391
0.52294,0.012683,0.16665,0.67367,0.28983,-0.56474,-0.44322,0.30219,0.4443,-0.57664,-0.65426,0.27797,0.062951,-0.28643,-0.011547,0.53205,0.4496,-1.0478,-0.90841,0.074557
0.50311,0.0090829,0.18421,0.69306,0.28105,-0.55325,-0.43189,0.3086,0.43612,-0.58091,-0.68128,0.28665,0.078372,-0.28851,0.021094,0.56089,0.42328,-1.0471,-0.92796,0.081163
0.48709,0.0037089,0.20574,0.72112,0.2519,-0.54829,-0.36373,0.34018,0.42675,-0.58331,-0.69602,0.30293,0.099291,-0.29028,0.060935,0.59748,0.39575,-1.0447,-0.94911,0.090241
0.47261,0.0029654,0.23527,0.75816,0.20669,-0.52221,-0.28396,0.43507,0.41986,-0.58189,-0.69391,0.33182,0.1132,-0.28366,0.11025,0.63847,0.37216,-1.0433,-0.96925,0.10746
0.45698,0.024483,0.28806,0.80516,0.1721,-0.50275,-0.17191,0.68208,0.4184,-0.57786,-0.67743,0.37645,0.11182,-0.24387,0.17803,0.68574,0.3555,-1.0429,-0.98575,0.13728
0.44096,0.084824,0.3768,0.86122,0.16835,-0.46615,0.028307,0.92436,0.42352,-0.57385,-0.64783,0.43111,0.10099,-0.15285,0.27352,0.74009,0.3452,-1.0413,-0.99786,0.17631
0.42742,0.17453,0.4884,0.9197,0.14792,-0.41134,0.1789,1.0655,0.43324,-0.5726,-0.60704,0.48361,0.093011,-0.033193,0.38571,0.79638,0.33971,-1.0367,-1.0067,0.21322
0.41861,0.2648,0.59541,0.97075,0.1252,-0.37688,0.24257,1.0992,0.44313,-0.57619,-0.56065,0.52385,0.098076,0.076893,0.49166,0.84578,0.33944,-1.028,-1.0132,0.23872
0.41339,0.33169,0.67672,1.0069,0.085257,-0.35023,0.24704,1.0992,0.4493,-0.58335,-0.51603,0.54822,0.11273,0.15305,0.57133,0.87999,0.34717,-1.0167,-1.0184,0.24914
0.4083,0.36809,0.72632,1.0256,0.08205,-0.35023,0.24704,1.0992,0.45052,-0.59426,-0.481,0.56019,0.12585,0.19186,0.61938,0.89684,0.36457,-1.0063,-1.0249,0.24883
0.41016,0.3871,0.75292,1.0293,0.10447,-0.32377,0.24704,1.0992,0.44766,-0.60665,-0.45706,0.56609,0.14238,0.20945,0.64292,0.89864,0.38841,-0.99945,-1.0334,0.24438
0.43858,0.41718,0.7752,1.0225,0.15579,-0.27557,0.24704,1.0992,0.44181,-0.61952,-0.44272,0.5698,0.18771,0.23921,0.66042,0.88968,0.41189,-0.9975,-1.0435,0.2408
0.50684,0.47903,0.80865,1.0103,0.25482,-0.2176,0.24704,1.0992,0.43288,-0.63233,-0.4336,0.57208,0.28214,0.30647,0.68917,0.87416,0.43053,-0.99931,-1.0539,0.23779
0.59854,0.56201,0.85208,0.99816,0.34809,-0.15649,0.2501,1.0992,0.42199,-0.64384,-0.42569,0.57273,0.40202,0.39864,0.72938,0.85799,0.44539,-1.0021,-1.0619,0.23331
0.68437,0.64054,0.89338,0.99006,0.38831,-0.12831,0.2501,1.0992,0.412,-0.65426,-0.41873,0.57259,0.50987,0.48637,0.76909,0.84498,0.462,-1.0041,-1.0648,0.22722
0.74574,0.69787,0.92165,0.98564,0.37896,-0.12831,0.2501,1.0992,0.40707,-0.66298,-0.41271,0.57286,0.58522,0.55088,0.79622,0.83504,0.48366,-1.0018,-1.0617,0.22276
0.77871,0.73131,0.93439,0.98077,0.36164,-0.12831,0.2501,1.0992,0.41048,-0.66891,-0.40886,0.57332,0.6252,0.58898,0.80793,0.82447,0.50859,-0.99281,-1.0543,0.22487
0.7897,0.7465,0.93517,0.96984,0.3354,-0.12831,0.2501,1.0992,0.42002,-0.67295,-0.40783,0.57079,0.63934,0.60703,0.80754,0.80763,0.53174,-0.97594,-1.0459,0.23405
0.7905,0.75103,0.92885,0.94983,0.33357,-0.12831,0.2501,1.0992,0.43024,-0.67763,-0.41009,0.55875,0.6424,0.61297,0.79943,0.78303,0.54863,-0.95358,-1.0366,0.24264
0.79142,0.74769,0.91515,0.9189,0.37111,-0.12831,0.2501,1.0992,0.43496,-0.68482,-0.41546,0.53063,0.64701,0.60998,0.78349,0.74855,0.55724,-0.93241,-1.027,0.24121
0.79687,0.73371,0.88864,0.87548,0.39969,-0.12978,0.2501,1.0992,0.43164,-0.69413,-0.42577,0.48414,0.65754,0.59521,0.75425,0.70152,0.55812,-0.91894,-1.0174,0.22587
0.80725,0.70677,0.84468,0.81926,0.42004,-0.12978,0.2423,1.0974,0.42328,-0.70165,-0.44371,0.42488,0.67219,0.56648,0.70703,0.63969,0.55373,-0.91639,-1.0081,0.20288
0.83049,0.6699,0.7852,0.75402,0.44327,-0.12978,0.19728,1.018,0.42091,-0.7031,-0.46972,0.36628,0.69828,0.52751,0.64377,0.5662,0.54814,-0.92202,-0.99775,0.18494
0.88403,0.63325,0.7228,0.69061,0.48589,-0.12978,0.099952,0.82259,0.43732,-0.7003,-0.5012,0.32342,0.75628,0.49015,0.57861,0.4942,0.54516,-0.92986,-0.98687,0.18244
0.97844,0.61005,0.67848,0.64768,0.54096,-0.12978,0.056566,0.49154,0.47497,-0.69463,-0.53059,0.30238,0.86035,0.46872,0.5336,0.44415,0.5454,-0.93109,-0.97579,0.19288
1.0962,0.60301,0.66271,0.63795,0.58011,-0.12978,0.049722,0.14416,0.52307,-0.69098,-0.55276,0.29722,0.99225,0.46691,0.52028,0.43078,0.54659,-0.92152,-0.96896,0.20734
1.2058,0.59671,0.66008,0.65727,0.59764,-0.12978,0.044608,0.049134,0.56813,-0.69044,-0.56634,0.2998,1.1156,0.46751,0.52113,0.44847,0.54659,-0.90342,-0.9706,0.21765
1.287,0.56979,0.64461,0.69087,0.62001,-0.12978,0.044608,0.093668,0.60406,-0.69178,-0.57585,0.30597,1.2054,0.44645,0.50757,0.48059,0.54593,-0.88392,-0.98197,0.22275
1.2977,0.51154,0.60243,0.7378,0.62001,-0.14412,0.039423,0.11479,0.6162,-0.69429,-0.58768,0.31204,1.2182,0.3928,0.46503,0.53247,0.54073,-0.86864,-0.99864,0.22541
1.3071,0.42818,0.53645,0.84406,0.61129,-0.22906,-0.038791,0.11479,0.63036,-0.69535,-0.60243,0.31526,1.2292,0.31147,0.39644,0.67466,0.53677,-0.8552,-1.0113,0.22885
1.3202,0.34779,0.46547,1.0638,0.57657,-0.35388,-0.17122,0.14235,0.64629,-0.69247,-0.61961,0.31295,1.2436,0.23143,0.32213,0.95775,0.532,-0.83818,-1.0118,0.23495
1.3415,0.30772,0.41513,1.3346,0.5339,-0.45396,-0.36071,0.20512,0.66274,-0.6843,-0.63685,0.30603,1.2665,0.19301,0.26855,1.2745,0.52588,-0.81584,-0.9983,0.24316
1.3721,0.31759,0.39846,1.5743,0.51725,-0.52413,-0.40217,0.25831,0.6802,-0.66982,-0.65314,0.29874,1.2991,0.20717,0.24976,1.5372,0.52122,-0.79351,-0.97788,0.25306
1.4107,0.35034,0.40683,1.7541,0.51725,-0.51893,-0.39457,0.3038,0.7006,-0.65068,-0.66962,0.29609,1.3397,0.24618,0.25849,1.7279,0.52286,-0.77876,-0.95942,0.26526
1.4556,0.37713,0.42631,1.8742,0.51725,-0.51893,-0.3592,0.37621,0.72672,-0.62906,-0.68868,0.30072,1.3863,0.27785,0.28059,1.8536,0.53508,-0.77402,-0.94981,0.27958
1.5065,0.3902,0.44799,1.9442,0.51725,-0.51893,-0.30781,0.41569,0.75955,-0.60543,-0.70965,0.31118,1.4384,0.29371,0.30516,1.9264,0.55894,-0.77607,-0.95047,0.29536
1.5642,0.39725,0.47624,1.9777,0.51725,-0.51893,-0.25425,0.43753,0.79806,-0.57903,-0.72546,0.32356,1.497,0.29965,0.33366,1.9613,0.59159,-0.77854,-0.95834,0.31127
1.6268,0.41402,0.51811,1.9893,0.51725,-0.48014,-0.14168,0.47359,0.83696,-0.5492,-0.72889,0.33635,1.561,0.31144,0.37108,1.9734,0.62591,-0.77821,-0.97064,0.32553
1.6883,0.44626,0.57311,1.9912,0.51725,-0.40799,-0.052063,0.48728,0.86788,-0.51892,-0.71655,0.35229,1.6249,0.33588,0.4191,1.9753,0.65256,-0.7764,-0.98409,0.33743
1.6883,0.48368,0.62721,1.9909,0.51725,-0.33624,0.00089183,0.53392,0.86788,-0.49398,-0.69455,0.37434,1.6249,0.36487,0.46728,1.9746,0.65256,-0.77772,-0.99564,0.34925
1.6883,0.51054,0.66296,1.9903,0.51725,-0.30592,0.02254,0.53613,0.86788,-0.47846,-0.67062,0.40138,1.6249,0.38417,0.49896,1.9737,0.65256,-0.78475,-1.0014,0.36202
1.6883,0.52059,0.67126,1.9897,0.51725,-0.30592,0.02254,0.54638,0.86788,-0.47231,-0.64785,0.42784,1.6249,0.38825,0.50493,1.973,0.65256,-0.79562,-1.0009,0.37706
1.6883,0.51806,0.65469,1.989,0.51725,-0.30592,0.02254,0.54926,0.86788,-0.47135,-0.62596,0.44937,1.6249,0.3818,0.48559,1.9724,0.65256,-0.80513,-0.99331,0.39364
1.6883,0.51168,0.62655,1.9872,0.51725,-0.30592,0.02254,0.54926,0.86788,-0.47126,-0.60311,0.46628,1.6249,0.37233,0.45358,1.9711,0.65256,-0.81004,-0.98314,0.40885
1.047,0.50645,0.60285,1.9806,0.61392,-0.30592,0.02254,0.54926,0.76024,-0.47058,-0.58129,0.48264,0.9367,0.36436,0.42546,1.9653,0.50498,-0.81527,-0.97604,0.42001
0.99784,0.49831,0.59132,1.959,0.62234,-0.30774,0.02254,0.54926,0.73854,-0.47148,-0.56456,0.50416,0.88169,0.35188,0.41019,1.9443,0.47933,-0.83047,-0.97556,0.42525
0.94942,0.48075,0.58744,1.9076,0.62297,-0.31577,0.02254,0.54926,0.72765,-0.4769,-0.55544,0.53198,0.8259,0.32731,0.40351,1.893,0.45614,-0.86165,-0.98483,0.42453
0.90612,0.45117,0.58283,1.8115,0.62297,-0.32697,0.02254,0.54926,0.72284,-0.48693,-0.55278,0.56171,0.77664,0.28687,0.3956,1.7957,0.43549,-0.90582,-0.9992,0.41919
0.87223,0.41504,0.57376,1.6578,0.62297,-0.34173,0.02254,0.54926,0.72077,-0.50123,-0.55423,0.58774,0.73891,0.2357,0.38202,1.6379,0.41981,-0.95163,-1.0135,0.41161
0.84795,0.38524,0.56037,1.4362,0.62297,-0.34571,0.02254,0.54926,0.72069,-0.51668,-0.55701,0.60603,0.71521,0.19077,0.36241,1.4056,0.41142,-0.98638,-1.021,0.40589
0.83108,0.37351,0.54612,1.1475,0.62297,-0.34571,0.02254,0.54327,0.72214,-0.53047,-0.56125,0.61598,0.70275,0.16853,0.34077,1.0884,0.41086,-1.0044,-1.0192,0.405
0.81761,0.3782,0.52831,0.82805,0.62538,-0.34571,0.02254,0.50558,0.72314,-0.5414,-0.56915,0.61931,0.6954,0.17054,0.31556,0.69322,0.41682,-1.0097,-1.0095,0.40887
0.80445,0.38186,0.49786,0.58712,0.62962,-0.34571,0.022504,0.45979,0.72087,-0.55305,-0.58235,0.61723,0.68764,0.17517,0.27849,0.305,0.42762,-1.01,-0.99587,0.41629
0.7899,0.36896,0.44384,0.50264,0.63167,-0.34934,0.0050247,0.41536,0.71341,-0.56711,-0.60098,0.60939,0.67637,0.16358,0.21717,0.11285,0.44267,-1.0097,-0.98159,0.42548
0.77531,0.33509,0.36092,0.48504,0.6319,-0.37712,-0.074805,0.40827,0.70094,-0.58359,-0.62272,0.59482,0.66351,0.13126,0.12309,0.079196,0.46062,-1.0111,-0.96907,0.43462
0.7622,0.28748,0.25794,0.47262,0.6319,-0.40482,-0.17089,0.33363,0.68544,-0.59844,-0.64516,0.5748,0.65164,0.086552,0.0033515,0.08013,0.47874,-1.0158,-0.95915,0.4427
0.69647,0.23842,0.16164,0.44736,0.53104,-0.42956,-0.25926,0.31386,0.64804,-0.60844,-0.66751,0.55327,0.58882,0.042548,-0.11588,0.067037,0.48023,-1.0264,-0.94961,0.44913
0.64855,0.19608,0.10477,0.4151,0.42505,-0.43511,-0.30466,0.29033,0.62153,-0.61457,-0.6893,0.53441,0.54121,0.0064152,-0.1914,0.044971,0.48667,-1.0452,-0.9408,0.4552
0.61422,0.15983,0.091958,0.38402,0.3244,-0.43446,-0.32353,0.26648,0.60575,-0.6194,-0.70997,0.52075,0.51009,-0.024452,-0.20982,0.020472,0.49083,-1.0711,-0.93358,0.46439
0.59058,0.12667,0.098005,0.3596,0.29667,-0.3881,-0.35146,0.25561,0.59455,-0.62388,-0.72639,0.51101,0.49072,-0.054393,-0.20269,0.00046223,0.49147,-1.0974,-0.93005,0.47896
0.57546,0.098923,0.10291,0.34453,0.29387,-0.36969,-0.39519,0.25229,0.58263,-0.62677,-0.73574,0.50048,0.47991,-0.08129,-0.196,-0.0087607,0.49271,-1.1143,-0.93217,0.49751
0.5652,0.080392,0.10171,0.33609,0.31882,-0.36969,-0.41005,0.25125,0.56917,-0.62633,-0.73499,0.4852,0.47479,-0.10198,-0.19639,-0.0070261,0.49842,-1.1168,-0.93753,0.51502
0.555,0.073528,0.097483,0.33021,0.31475,-0.36969,-0.39377,0.23504,0.55485,-0.624,-0.72325,0.46532,0.46844,-0.11263,-0.19959,0.00076417,0.50952,-1.1093,-0.9439,0.52719
0.5401,0.075225,0.095663,0.32382,0.31475,-0.36969,-0.3731,0.23504,0.54076,-0.62021,-0.70156,0.44478,0.45608,-0.11323,-0.19843,0.0135,0.52347,-1.0994,-0.94719,0.53254
0.51847,0.077808,0.097353,0.31553,0.31475,-0.36969,-0.35875,0.22804,0.52561,-0.61821,-0.67318,0.43086,0.43228,-0.11011,-0.19015,0.029191,0.53616,-1.0926,-0.94583,0.53124
0.49201,0.069421,0.095375,0.3047,0.31475,-0.3748,-0.35875,0.19923,0.50766,-0.62162,-0.643,0.43115,0.39686,-0.11615,-0.18178,0.04472,0.54375,-1.0912,-0.93977,0.52461
0.46651,0.041436,0.079912,0.28963,0.31475,-0.38105,-0.35875,0.14611,0.48828,-0.63489,-0.61381,0.44816,0.3547,-0.13971,-0.18372,0.055798,0.54445,-1.0951,-0.92938,0.51431
0.44901,-0.0072464,0.04683,0.26961,0.30709,-0.38788,-0.36187,0.089097,0.47336,-0.6575,-0.58676,0.47681,0.31601,-0.18344,-0.20404,0.060511,0.53801,-1.1022,-0.91414,0.501
0.44403,-0.066993,0.0031743,0.24867,0.27935,-0.38788,-0.40295,0.027364,0.47076,-0.68518,-0.55985,0.50741,0.29123,-0.2388,-0.23911,0.061831,0.52424,-1.1101,-0.89302,0.48493
0.43803,-0.12285,-0.029499,0.23209,0.24327,-0.38788,-0.40596,-0.053339,0.46902,-0.70285,-0.53218,0.52088,0.27751,-0.29445,-0.2692,0.073306,0.51425,-1.056,-0.85708,0.47912
0.43115,-0.091417,-0.011128,0.22128,0.2304,-0.36668,-0.29384,-0.093163,0.47536,-0.67355,-0.48012,0.53557,0.26224,-0.27552,-0.2515,0.081023,0.499,-0.83568,-0.75796,0.47234
0.41696,0.22629,0.098137,0.21765,0.22582,-0.32241,0.024468,-0.1025,0.4859,-0.5478,-0.3678,0.55046,0.23441,0.12198,-0.14375,0.082624,0.4824,-0.41081,-0.54855,0.46532
0.39237,0.7259,0.30432,0.21605,0.21963,-0.27186,0.31306,-0.1025,0.49741,-0.31975,-0.18281,0.56507,0.18768,0.67877,0.068202,0.074726,0.47052,0.025739,-0.28547,0.45774
0.35788,0.7512,0.54302,0.21038,0.21034,-0.28556,0.48275,-0.1025,0.50745,-0.29947,0.027742,0.579,0.1218,0.70438,0.31875,0.055547,0.46823,0.053775,-0.042965,0.44691
0.32055,0.77859,0.75401,0.19866,0.21005,-0.29051,0.54541,-0.1025,0.51619,-0.27752,0.21652,0.59114,0.047002,0.73262,0.54502,0.027632,0.47514,0.083998,0.14729,0.42853
0.29141,0.80895,0.91435,0.18322,0.19567,-0.31298,0.54894,-0.1025,0.52476,-0.25432,0.3646,0.60079,-0.018389,0.76428,0.71986,-0.0026183,0.48541,0.11667,0.28292,0.39962
0.27924,0.84312,1.0227,0.16856,0.16028,-0.34046,0.54894,-0.1025,0.53276,-0.22959,0.47185,0.60906,-0.0603,0.79992,0.84058,-0.028047,0.49276,0.15221,0.37184,0.36285
0.28655,0.88152,1.086,0.15926,0.09225,-0.37214,0.54894,-0.1025,0.53878,-0.20223,0.54555,0.61966,-0.07299,0.83986,0.91323,-0.045621,0.49177,0.19132,0.42572,0.3252
0.30975,0.92436,1.1163,0.15746,0.0049197,-0.37362,0.54894,-0.1025,0.54114,-0.17074,0.59482,0.63753,-0.064462,0.8841,0.94902,-0.061245,0.47949,0.23485,0.45733,0.29447
0,0,0,0,0,0,0,0,0,0,0,0,0,0,0,0,0,0,0,0
0,0,0,0,0,0,0,0,0,0,0,0,0,0,0,0,0,0,0,0
0,0,0,0,0,0,0,0,0,0,0,0,0,0,0,0,0,0,0,0
0,0,0,0,0,0,0,0,0,0,0,0,0,0,0,0,0,0,0,0
0,0,0,0,0,0,0,0,0,0,0,0,0,0,0,0,0,0,0,0
0,0,0,0,0,0,0,0,0,0,0,0,0,0,0,0,0,0,0,0
0,0,0,0,0,0,0,0,0,0,0,0,0,0,0,0,0,0,0,0
0,0,0,0,0,0,0,0,0,0,0,0,0,0,0,0,0,0,0,0
0,0,0,0,0,0,0,0,0,0,0,0,0,0,0,0,0,0,0,0
0,0,0,0,0,0,0,0,0,0,0,0,0,0,0,0,0,0,0,0
0,0,0,0,0,0,0,0,0,0,0,0,0,0,0,0,0,0,0,0
0,0,0,0,0,0,0,0,0,0,0,0,0,0,0,0,0,0,0,0
0,0,0,0,0,0,0,0,0,0,0,0,0,0,0,0,0,0,0,0
0,0,0,0,0,0,0,0,0,0,0,0,0,0,0,0,0,0,0,0
0,0,0,0,0,0,0,0,0,0,0,0,0,0,0,0,0,0,0,0
0,0,0,0,0,0,0,0,0,0,0,0,0,0,0,0,0,0,0,0
0,0,0,0,0,0,0,0,0,0,0,0,0,0,0,0,0,0,0,0
0,0,0,0,0,0,0,0,0,0,0,0,0,0,0,0,0,0,0,0
0,0,0,0,0,0,0,0,0,0,0,0,0,0,0,0,0,0,0,0
0,0,0,0,0,0,0,0,0,0,0,0,0,0,0,0,0,0,0,0
0,0,0,0,0,0,0,0,0,0,0,0,0,0,0,0,0,0,0,0
0,0,0,0,0,0,0,0,0,0,0,0,0,0,0,0,0,0,0,0
0,0,0,0,0,0,0,0,0,0,0,0,0,0,0,0,0,0,0,0
0,0,0,0,0,0,0,0,0,0,0,0,0,0,0,0,0,0,0,0
0,0,0,0,0,0,0,0,0,0,0,0,0,0,0,0,0,0,0,0
0,0,0,0,0,0,0,0,0,0,0,0,0,0,0,0,0,0,0,0
0,0,0,0,0,0,0,0,0,0,0,0,0,0,0,0,0,0,0,0
0,0,0,0,0,0,0,0,0,0,0,0,0,0,0,0,0,0,0,0
0,0,0,0,0,0,0,0,0,0,0,0,0,0,0,0,0,0,0,0
0,0,0,0,0,0,0,0,0,0,0,0,0,0,0,0,0,0,0,0
0,0,0,0,0,0,0,0,0,0,0,0,0,0,0,0,0,0,0,0
0,0,0,0,0,0,0,0,0,0,0,0,0,0,0,0,0,0,0,0
0,0,0,0,0,0,0,0,0,0,0,0,0,0,0,0,0,0,0,0
0,0,0,0,0,0,0,0,0,0,0,0,0,0,0,0,0,0,0,0
0,0,0,0,0,0,0,0,0,0,0,0,0,0,0,0,0,0,0,0
0,0,0,0,0,0,0,0,0,0,0,0,0,0,0,0,0,0,0,0
0,0,0,0,0,0,0,0,0,0,0,0,0,0,0,0,0,0,0,0
0,0,0,0,0,0,0,0,0,0,0,0,0,0,0,0,0,0,0,0
0,0,0,0,0,0,0,0,0,0,0,0,0,0,0,0,0,0,0,0
0,0,0,0,0,0,0,0,0,0,0,0,0,0,0,0,0,0,0,0
0,0,0,0,0,0,0,0,0,0,0,0,0,0,0,0,0,0,0,0
0,0,0,0,0,0,0,0,0,0,0,0,0,0,0,0,0,0,0,0
0,0,0,0,0,0,0,0,0,0,0,0,0,0,0,0,0,0,0,0
0,0,0,0,0,0,0,0,0,0,0,0,0,0,0,0,0,0,0,0
0,0,0,0,0,0,0,0,0,0,0,0,0,0,0,0,0,0,0,0
0,0,0,0,0,0,0,0,0,0,0,0,0,0,0,0,0,0,0,0
0,0,0,0,0,0,0,0,0,0,0,0,0,0,0,0,0,0,0,0
0,0,0,0,0,0,0,0,0,0,0,0,0,0,0,0,0,0,0,0
0,0,0,0,0,0,0,0,0,0,0,0,0,0,0,0,0,0,0,0
1.5725,0.98178,0.78572,0.60843,-0.12695,0.23162,0.33655,0.29346,0.52443,0.40628,0.52234,0.48686,1.5454,0.94288,0.71827,0.37287,0.60822,0.18711,0.3682,0.3792
1.4813,0.98022,0.78494,1.169,-0.097254,0.21468,0.33655,0.17934,0.52733,0.3815,0.49638,0.63411,1.4501,0.94229,0.71994,1.1117,0.58346,0.14847,0.31451,0.41395
1.4074,0.9743,0.78363,1.0837,-0.096164,0.18573,0.33655,0.17934,0.53634,0.34709,0.44804,0.62467,1.3723,0.93721,0.72144,1.0179,0.56682,0.10018,0.24243,0.39979
1.3465,0.95538,0.78029,1.018,-0.062392,0.15953,0.32731,0.20096,0.54698,0.28918,0.36463,0.62482,1.3075,0.91848,0.72199,0.94376,0.55691,0.031512,0.14435,0.37963
1.296,0.9109,0.77288,0.96579,-0.049865,0.095426,0.2909,0.22831,0.55493,0.19308,0.23488,0.62846,1.252,0.87268,0.71943,0.88452,0.55149,-0.069354,0.013536,0.35716
1.2544,0.82908,0.7567,0.92342,-0.0491,-0.0016484,0.1649,0.24847,0.55768,0.047852,0.05172,0.6299,1.2034,0.78696,0.70891,0.83668,0.54922,-0.2096,-0.15351,0.33483
1.2203,0.70114,0.72227,0.88982,-0.036289,-0.10502,-0.024823,0.25601,0.5544,-0.14674,-0.17945,0.62774,1.1601,0.6495,0.67988,0.79741,0.55074,-0.38856,-0.35452,0.31395
1.1924,0.52789,0.65897,0.86665,-0.012772,-0.2327,-0.23414,0.27649,0.54618,-0.36705,-0.42162,0.62405,1.1208,0.45569,0.62033,0.7657,0.55524,-0.58504,-0.577,0.29644
1.1689,0.33102,0.55727,0.85389,-0.0033494,-0.34742,-0.41916,0.28592,0.53538,-0.55262,-0.5973,0.62124,1.085,0.21815,0.51893,0.7403,0.56003,-0.75102,-0.78823,0.2853
1.1483,0.16826,0.41382,0.84849,-0.0033494,-0.39696,-0.50735,0.28592,0.52509,-0.64286,-0.66095,0.62028,1.0527,-0.0034997,0.36989,0.72003,0.56266,-0.84462,-0.92858,0.28505
1.1328,0.092557,0.24672,0.86252,0.17567,-0.37291,-0.42362,0.38946,0.52088,-0.65356,-0.65082,0.62472,1.0282,-0.12027,0.18781,0.7219,0.56471,-0.87684,-0.91032,0.29908
1.1328,0.088335,0.12126,0.86252,0.17567,-0.34793,-0.438,0.38946,0.52088,-0.63376,-0.59279,0.62472,1.0282,-0.12848,0.04316,0.7219,0.56471,-0.84263,-0.70819,0.29908
0.86414,0.10629,0.1493,0.86252,0.17567,-0.306,-0.32486,0.38946,0.51909,-0.59078,-0.48775,0.62472,0.64592,-0.1013,0.067668,0.7219,0.55205,-0.67326,-0.40209,0.29908
0.67563,0.13844,0.34829,0.635,0.17567,-0.15084,-0.17359,0.38946,0.52015,-0.51525,-0.33525,0.6199,0.25436,-0.055113,0.28016,0.37004,0.54406,-0.3722,-0.10665,0.29133
0.60895,0.19342,0.59857,0.56437,0.17152,0.10879,-0.021838,0.38415,0.52055,-0.40562,-0.16051,0.61553,0.011448,0.016322,0.54113,0.22528,0.54191,-0.067287,0.13494,0.27631
0.60866,0.26336,0.82041,0.57005,0.17152,0.28406,0.11816,0.36505,0.51945,-0.28172,0.0089131,0.61555,-0.046837,0.10511,0.76991,0.2309,0.54601,0.17376,0.31721,0.25607
0.63269,0.32977,0.98912,0.59841,0.17152,0.36431,0.21074,0.33699,0.51725,-0.16836,0.15831,0.62048,-0.027276,0.18575,0.94293,0.27087,0.55394,0.34368,0.44929,0.23632
0.66255,0.37572,1.1032,0.62967,0.16559,0.37139,0.25238,0.31887,0.50891,-0.074426,0.28563,0.62475,-0.00055753,0.24104,1.0598,0.31239,0.56313,0.45363,0.54288,0.22176
0.69441,0.39789,1.1704,0.66261,0.15334,0.37139,0.28448,0.3162,0.4931,0.0017151,0.39255,0.62463,0.018866,0.26709,1.1288,0.35388,0.57238,0.5207,0.61073,0.21572
0.72626,0.40333,1.2025,0.69936,0.13034,0.37139,0.30274,0.3162,0.47088,0.072742,0.48219,0.62031,0.034225,0.27273,1.1618,0.39412,0.58175,0.56462,0.66378,0.21977
0.75489,0.40186,1.2137,0.74283,0.10345,0.37139,0.3058,0.31241,0.44557,0.15323,0.55699,0.61629,0.051439,0.26946,1.173,0.43456,0.59128,0.6021,0.70917,0.23497
0.77845,0.39795,1.2162,0.79397,0.10019,0.37139,0.3058,0.29786,0.42363,0.24313,0.61852,0.61783,0.081056,0.26376,1.1752,0.47983,0.59781,0.64038,0.7506,0.26365
0.77845,0.39151,1.2166,0.79397,0.10019,0.37139,0.3058,0.29786,0.42363,0.33104,0.66828,0.61783,0.081056,0.25599,1.1751,0.47983,0.59781,0.67765,0.78955,0.26365
0.77845,0.38073,1.2169,0.79397,0.10019,0.38484,0.3058,0.29786,0.42363,0.40617,0.70836,0.61783,0.081056,0.24447,1.1748,0.47983,0.59781,0.71048,0.82641,0.26365
0.77845,0.36556,1.2178,0.79397,0.10019,0.40026,0.3058,0.29786,0.42363,0.46327,0.74027,0.61783,0.081056,0.22829,1.1745,0.47983,0.59781,0.73852,0.86128,0.26365
0.77845,0.34941,1.2185,0.79397,0.10019,0.40648,0.3058,0.29786,0.42363,0.50453,0.76514,0.61783,0.081056,0.20956,1.1735,0.47983,0.59781,0.76352,0.89308,0.26365
0.77845,0.33486,1.2175,0.79397,0.10019,0.40648,0.31394,0.29786,0.42363,0.53621,0.78378,0.61783,0.081056,0.19064,1.1699,0.47983,0.59781,0.78607,0.92073,0.26365
0.77845,0.32301,1.2103,0.79397,0.10019,0.41359,0.31892,0.29786,0.42363,0.56265,0.79787,0.61783,0.081056,0.17118,1.1601,0.47983,0.59781,0.80308,0.94188,0.26365
0.50768,0.30809,1.1874,0.18124,0.098937,0.41359,0.3411,0.13735,0.89892,0.58424,0.80826,0.81778,0.28479,0.14676,1.1346,-0.43612,0.86932,0.80805,0.95387,0.43595
0.44928,0.27886,1.1363,0.21083,0.12272,0.41359,0.3812,0.16552,0.89836,0.59849,0.81529,0.80678,0.23151,0.10455,1.0807,-0.3383,0.89691,0.79581,0.95507,0.41815
0.39853,0.22572,1.0443,0.23496,0.1434,0.4055,0.40067,0.19451,0.89063,0.60408,0.81886,0.78713,0.18363,0.031763,0.9835,-0.25289,0.91098,0.76733,0.94646,0.39277
0.36025,0.15049,0.90172,0.27188,0.17489,0.3931,0.3974,0.20551,0.8771,0.60338,0.81918,0.76273,0.14453,-0.068367,0.82974,-0.14789,0.91825,0.73059,0.93223,0.37011
0.39327,0.073846,0.70851,0.41911,0.23706,0.3722,0.3974,0.23768,0.85997,0.59956,0.81643,0.73748,0.18813,-0.16689,0.61207,0.1719,0.92305,0.69669,0.91813,0.35713
0.58001,0.024876,0.49771,0.70304,0.30489,0.332,0.3974,0.27954,0.84102,0.59421,0.81071,0.71211,0.45108,-0.219,0.35072,0.59526,0.92597,0.67186,0.90742,0.35698
0.93146,0.016273,0.37364,1.0783,0.38071,0.32487,0.3974,0.33297,0.82236,0.58449,0.80072,0.68808,0.86382,-0.21141,0.17162,1.0339,0.92601,0.65208,0.89869,0.36749
1.2888,0.033196,0.41093,1.4184,0.45573,0.32487,0.3974,0.35544,0.80619,0.56372,0.78429,0.66619,1.2501,-0.1779,0.21699,1.3963,0.92227,0.62792,0.88743,0.38366
1.569,0.060974,0.52499,1.6773,0.4941,0.32487,0.3974,0.38057,0.79344,0.52725,0.76009,0.6464,1.5428,-0.1425,0.36753,1.6635,0.91542,0.59347,0.86965,0.40131
1.7659,0.092932,0.63204,1.8567,0.51004,0.31836,0.3974,0.40148,0.78504,0.47526,0.729,0.62849,1.7461,-0.10983,0.50002,1.8467,0.9061,0.55005,0.84381,0.41845
1.8912,0.13155,0.71453,1.9694,0.51565,0.31836,0.39426,0.41073,0.78149,0.41278,0.694,0.61301,1.8748,-0.073315,0.59448,1.9605,0.89449,0.50214,0.81076,0.434
1.9586,0.18118,0.7826,2.03,0.51565,0.31836,0.38277,0.41073,0.78172,0.34888,0.65891,0.60017,1.944,-0.026708,0.66582,2.0206,0.88085,0.45251,0.77167,0.44709
2.0099,0.24259,0.84921,2.0807,0.51565,0.33114,0.38277,0.43227,0.77745,0.28949,0.62657,0.57415,1.9964,0.03185,0.73154,2.0696,0.87528,0.39965,0.72755,0.46062
2.0324,0.30753,0.91493,2.1066,0.52125,0.33474,0.39385,0.50088,0.7707,0.23234,0.5975,0.54127,2.0187,0.096405,0.79572,2.0929,0.86039,0.34023,0.6772,0.46567
2.0615,0.36245,0.9701,2.1193,0.52125,0.31583,0.39346,0.57371,0.75828,0.17001,0.56895,0.50671,2.0481,0.1515,0.85042,2.1029,0.85502,0.27384,0.61866,0.46387
2.0932,0.3987,1.0079,2.1489,0.51919,0.28475,0.37872,0.56821,0.74325,0.098355,0.53778,0.47244,2.08,0.1885,0.88867,2.1327,0.84319,0.204,0.55239,0.46618
2.1276,0.41887,1.0294,2.1806,0.50468,0.24562,0.37368,0.55319,0.7277,0.022656,0.50764,0.43992,2.1145,0.20645,0.91069,2.1647,0.82808,0.13552,0.487,0.4746
2.1652,0.43729,1.0433,2.2149,0.47972,0.21257,0.3458,0.53765,0.7147,-0.030271,0.49015,0.41344,2.1521,0.22013,0.92553,2.1992,0.81186,0.085251,0.44432,0.48957
2.2063,0.47813,1.0653,2.2521,0.47436,0.18714,0.29487,0.51697,0.70692,-0.020733,0.50163,0.39489,2.1933,0.25338,0.94985,2.2366,0.79391,0.090271,0.4441,0.50829
2.251,0.55291,1.1063,2.2917,0.47436,0.18338,0.23728,0.51482,0.70586,0.062094,0.54527,0.38261,2.2384,0.3269,0.99484,2.2764,0.77164,0.17342,0.4828,0.52716
2.2982,0.64396,1.1622,2.332,0.47436,0.16951,0.20336,0.51482,0.71243,0.17851,0.60624,0.37738,2.2859,0.42307,1.0569,2.3167,0.74342,0.30033,0.53674,0.54261
2.342,0.72125,1.2176,2.3661,0.47436,0.12698,0.17855,0.51482,0.72593,0.28479,0.66703,0.3775,2.3303,0.50509,1.1182,2.3506,0.70965,0.42143,0.58653,0.55271
2.3711,0.76952,1.2577,2.3829,0.47436,0.094147,0.14698,0.49303,0.74388,0.36211,0.71943,0.38126,2.3601,0.55584,1.1624,2.3665,0.6726,0.51365,0.62747,0.55732
2.3726,0.78977,1.2754,2.3704,0.47138,0.094147,0.14128,0.46513,0.76478,0.40965,0.7642,0.38867,2.3624,0.57552,1.1823,2.3518,0.63227,0.5764,0.66373,0.55701
2.3353,0.79201,1.2733,2.3197,0.45501,0.11525,0.14128,0.44375,0.78574,0.43615,0.80454,0.40071,2.3254,0.57631,1.1805,2.296,0.58777,0.61909,0.70025,0.5514
2.3353,0.7869,1.2592,2.2265,0.45501,0.17078,0.14128,0.44375,0.78574,0.45276,0.84136,0.41546,2.3254,0.57082,1.1664,2.1927,0.58777,0.65178,0.73816,0.53905
2.3353,0.77847,1.2381,2.2265,0.45501,0.20971,0.14128,0.44375,0.78574,0.46693,0.87376,0.41546,2.3254,0.56317,1.1466,2.1927,0.58777,0.67967,0.77553,0.53905
2.3353,0.76494,1.2103,2.2265,0.45501,0.20691,0.14128,0.44375,0.78574,0.4818,0.90025,0.41546,2.3254,0.55121,1.1222,2.1927,0.58777,0.7031,0.80978,0.53905
2.3353,0.74543,1.1756,2.2265,0.45501,0.2011,0.12522,0.44375,0.78574,0.49773,0.92069,0.41546,2.3254,0.53282,1.0927,2.1927,0.58777,0.72185,0.83893,0.53905
2.3353,0.724,1.1391,2.2265,0.45501,0.18478,0.093279,0.44375,0.78574,0.51402,0.93606,0.41546,2.3254,0.51254,1.0619,2.1927,0.58777,0.73568,0.86176,0.53905
2.3353,0.7077,1.1093,2.2265,0.45501,0.17096,0.034527,0.44375,0.78574,0.52907,0.94716,0.41546,2.3254,0.4972,1.0365,2.1927,0.58777,0.74502,0.87763,0.53905
2.3353,0.70197,1.0907,2.2265,0.45501,0.17096,0.067976,0.44375,0.78574,0.5428,0.95246,0.41546,2.3254,0.4931,1.0206,2.1927,0.58777,0.75039,0.88601,0.53905
2.3353,0.70496,1.0794,2.2265,0.45501,0.17096,0.15315,0.44375,0.78574,0.55417,0.94923,0.41546,2.3254,0.49921,1.0098,2.1927,0.58777,0.7496,0.88546,0.53905
1.4356,0.7083,1.0607,1.2183,0.67471,0.17096,0.24537,0.51946,0.67054,0.56102,0.93362,0.5156,1.2416,0.51031,0.99029,1.139,0.54272,0.73691,0.87417,0.30963
1.5291,0.7034,1.0173,1.2864,0.81866,0.17096,0.30427,0.62889,0.68401,0.56089,0.9035,0.52456,1.341,0.51731,0.94515,1.2024,0.54679,0.70588,0.85081,0.29277
1.5969,0.68715,0.93464,1.3283,0.94226,0.17023,0.30305,0.70944,0.70202,0.55427,0.8604,0.54542,1.4143,0.51691,0.85821,1.2369,0.5497,0.65448,0.81675,0.28868
1.6367,0.66683,0.80216,1.3471,1.0184,0.15185,0.30635,0.75843,0.71778,0.547,0.80975,0.56566,1.4582,0.51541,0.71653,1.2473,0.54925,0.589,0.77669,0.29309
1.6499,0.65346,0.61903,1.346,1.0455,0.14254,0.33338,0.78405,0.72476,0.54766,0.75844,0.57695,1.4741,0.51937,0.51277,1.2383,0.54455,0.52297,0.73653,0.2995
1.6411,0.65098,0.40762,1.329,1.0455,0.14475,0.35746,0.78729,0.72151,0.56047,0.71032,0.5771,1.4662,0.53019,0.25707,1.2148,0.53556,0.46934,0.69978,0.3018
1.6172,0.65479,0.22756,1.3015,1.0455,0.14475,0.36041,0.78729,0.71125,0.58118,0.66509,0.56856,1.4421,0.54195,0.0091537,1.1822,0.52278,0.42977,0.66613,0.29748
1.5863,0.65734,0.13101,1.2694,1.0455,0.13891,0.36041,0.78729,0.70024,0.60108,0.62113,0.55633,1.4101,0.54831,-0.14442,1.1458,0.50786,0.39584,0.63363,0.28758
1.5539,0.65598,0.10091,1.2377,1.0455,0.099968,0.36041,0.78729,0.69286,0.61461,0.5801,0.54617,1.3763,0.54846,-0.19315,1.1102,0.49365,0.36007,0.60227,0.27761
1.5225,0.65319,0.091445,1.2083,1.0455,0.09649,0.36041,0.78729,0.69059,0.62113,0.54787,0.54212,1.3437,0.54614,-0.20359,1.0773,0.48302,0.32399,0.57477,0.27425
1.4924,0.6507,0.089857,1.1808,1.0455,0.10616,0.36041,0.78729,0.69049,0.62271,0.52966,0.54425,1.3127,0.54384,-0.20358,1.0469,0.47688,0.29247,0.55486,0.28088
1.464,0.64798,0.090224,1.1546,1.0455,0.10757,0.3655,0.78729,0.68986,0.62158,0.52488,0.54914,1.2832,0.54157,-0.20359,1.0185,0.47437,0.27086,0.54416,0.29539
1.4551,0.64252,0.085733,1.1438,1.0455,0.10757,0.3741,0.78508,0.68985,0.61903,0.52867,0.54839,1.2738,0.53721,-0.21137,1.005,0.46996,0.26011,0.54105,0.30191
1.4361,0.6301,0.066559,1.1195,1.0455,0.10757,0.38496,0.78508,0.68529,0.61398,0.53585,0.55107,1.2544,0.52759,-0.23766,0.97533,0.46627,0.25686,0.54071,0.31591
1.4025,0.60698,0.025228,1.0778,1.0455,0.10757,0.39868,0.78508,0.67966,0.60332,0.54286,0.55436,1.2205,0.50826,-0.28906,0.92416,0.46284,0.25418,0.53702,0.32826
1.348,0.56564,-0.037672,1.0155,1.0455,0.10757,0.39868,0.78508,0.6754,0.58222,0.54726,0.55681,1.1658,0.47052,-0.36658,0.84687,0.45774,0.24571,0.52571,0.33428
1.2646,0.49565,-0.10906,0.93063,1.0455,0.10757,0.39297,0.78508,0.67162,0.54645,0.54697,0.55812,1.0811,0.40074,-0.45144,0.74103,0.44879,0.22835,0.5068,0.33216
1.1445,0.38745,-0.16859,0.82349,1.0442,0.097126,0.38614,0.78508,0.66668,0.49522,0.54107,0.55923,0.95643,0.2862,-0.51309,0.60627,0.43528,0.20226,0.48434,0.32195
0.98357,0.23726,-0.19943,0.69942,0.99855,0.064787,0.37316,0.74144,0.66074,0.4309,0.53099,0.56214,0.78391,0.11867,-0.52218,0.44854,0.41914,0.16901,0.46346,0.30522
0.78577,0.052364,-0.20468,0.57388,0.87371,0.030934,0.35207,0.66392,0.65648,0.35703,0.52023,0.56893,0.5609,-0.10266,-0.48579,0.28862,0.40397,0.13051,0.44703,0.28613
0.5725,-0.13705,-0.19503,0.47121,0.68656,0.017251,0.33291,0.54089,0.65589,0.27663,0.51178,0.58,0.30297,-0.3567,-0.43237,0.16179,0.39348,0.08884,0.43386,0.2706
0.38851,-0.28491,-0.17774,0.40856,0.45703,-6.4673e-05,0.33448,0.39475,0.65816,0.19232,0.50597,0.59355,0.057878,-0.59625,-0.38566,0.095797,0.3899,0.047697,0.4203,0.26382
0.26376,-0.37033,-0.15584,0.37798,0.28764,-0.0083776,0.32005,0.28403,0.66028,0.109,0.50079,0.60648,-0.11421,-0.77103,-0.35508,0.077405,0.39294,0.010803,0.4031,0.26849
0.18668,-0.40956,-0.12715,0.35894,0.19608,-0.0083776,0.32365,0.2509,0.65993,0.034064,0.49277,0.61545,-0.20154,-0.85823,-0.34048,0.073914,0.39992,-0.020544,0.37961,0.28204
0.13678,-0.43021,-0.092928,0.3428,0.13098,-0.0083776,0.32688,0.2157,0.65594,-0.027032,0.47904,0.61793,-0.24237,-0.89424,-0.33823,0.074429,0.40769,-0.049077,0.34734,0.29765
0.10997,-0.43504,-0.056873,0.33284,0.080818,-0.025665,0.32688,0.21749,0.6501,-0.075079,0.45924,0.61342,-0.24653,-0.87935,-0.34267,0.082588,0.41432,-0.07778,0.30455,0.30755
0.09512,-0.42344,-0.02369,0.33088,0.08105,-0.070093,0.32688,0.22715,0.64456,-0.1125,0.43556,0.60396,-0.23094,-0.82801,-0.34827,0.098384,0.41889,-0.10559,0.25157,0.3066
0.083041,-0.40031,0.003159,0.33261,0.081652,-0.10482,0.32688,0.22571,0.64219,-0.13476,0.4111,0.5933,-0.21531,-0.76534,-0.35118,0.11313,0.42095,-0.12736,0.19106,0.29367
0.075498,-0.37591,0.023366,0.33104,0.081652,-0.032815,0.326,0.22696,0.64394,-0.12913,0.38747,0.58434,-0.20851,-0.71349,-0.35084,0.1166,0.42241,-0.13762,0.12741,0.27308
0.082989,-0.35818,0.03791,0.32046,0.081476,0.028411,0.31416,0.24737,0.64785,-0.086274,0.3631,0.57706,-0.21178,-0.67726,-0.34877,0.10242,0.42645,-0.13164,0.065189,0.25375
0.11359,-0.34651,0.046788,0.30024,0.080317,0.062379,0.2792,0.27931,0.65042,-0.013809,0.33638,0.56868,-0.22119,-0.64786,-0.34929,0.071636,0.43656,-0.10312,0.0091388,0.2457
0.16327,-0.33644,0.048659,0.2728,0.091867,0.13116,0.22724,0.32315,0.64884,0.068176,0.30884,0.55585,-0.22771,-0.61522,-0.35748,0.029394,0.45238,-0.047569,-0.034946,0.25371
0.21742,-0.31806,0.042542,0.24342,0.13233,0.18538,0.18867,0.36084,0.64257,0.1408,0.28482,0.53786,-0.22668,-0.57378,-0.37781,-0.017006,0.47158,0.027175,-0.060583,0.27481
0.26286,-0.28185,0.027034,0.21634,0.20417,0.24973,0.18284,0.38039,0.63427,0.19566,0.26692,0.5187,-0.2158,-0.52138,-0.41933,-0.059884,0.49251,0.10392,-0.064556,0.30144
0.29602,-0.2005,0.0054418,0.19628,0.26849,0.30411,0.17437,0.38484,0.62675,0.23514,0.25272,0.50506,-0.19606,-0.44023,-0.48466,-0.095491,0.51712,0.16822,-0.052033,0.32712
0.32014,-0.065309,-0.01769,0.191,0.30541,0.32953,0.15378,0.38484,0.6214,0.26604,0.23756,0.50107,-0.16839,-0.31863,-0.56867,-0.11015,0.54856,0.21411,-0.032707,0.34902
0.3404,0.092184,-0.035118,0.21246,0.31299,0.37496,0.11312,0.38067,0.61745,0.29322,0.21977,0.50532,-0.13297,-0.17778,-0.64675,-0.085767,0.58732,0.24332,-0.015232,0.36669
0.3599,0.23241,-0.042714,0.26535,0.30714,0.43926,0.033134,0.35106,0.61231,0.31838,0.20141,0.51207,-0.093095,-0.051243,-0.67873,-0.009866,0.62943,0.26162,-0.0043996,0.38116
0.37831,0.33644,-0.042794,0.34425,0.29313,0.47573,-0.08566,0.30406,0.60468,0.34079,0.18594,0.51829,-0.053866,0.041996,-0.64306,0.10466,0.66891,0.2762,-0.00090807,0.39319
0.39456,0.40155,-0.041537,0.4322,0.26189,0.48383,-0.15826,0.25071,0.59624,0.36005,0.17525,0.52579,-0.021714,0.097144,-0.56419,0.22587,0.7008,0.2915,-0.0023909,0.40434
0.40944,0.43522,-0.044501,0.51301,0.2401,0.48383,-0.18903,0.24415,0.59071,0.37646,0.16641,0.5385,0.0035328,0.12092,-0.47963,0.32988,0.72302,0.3084,-0.0045364,0.41689
0.42323,0.44822,-0.052599,0.57634,0.23633,0.48383,-0.2046,0.25987,0.5897,0.39031,0.15453,0.55845,0.022956,0.12473,-0.40774,0.40686,0.73607,0.32499,-0.003495,0.43187
0.43552,0.45074,-0.061614,0.61999,0.23633,0.48383,-0.22646,0.26948,0.59032,0.40198,0.13619,0.5834,0.036784,0.11873,-0.35145,0.45843,0.74232,0.33981,0.002631,0.44848
0.445,0.44944,-0.066696,0.6468,0.23877,0.48383,-0.24452,0.27784,0.58716,0.41047,0.11209,0.60897,0.044097,0.11059,-0.3074,0.48957,0.74444,0.35486,0.013075,0.46434
0.44933,0.44712,-0.066854,0.66289,0.25696,0.48383,-0.28639,0.28204,0.57715,0.41375,0.086678,0.63146,0.04307,0.10338,-0.27397,0.50775,0.74414,0.37218,0.025737,0.47703
0.44539,0.44461,-0.065152,0.6743,0.26299,0.48383,-0.28639,0.28542,0.56131,0.40974,0.06407,0.64874,0.032065,0.097249,-0.25066,0.51939,0.74207,0.38943,0.037619,0.48559
0.43123,0.44148,-0.065942,0.68474,0.2664,0.48383,-0.28639,0.28542,0.54428,0.39801,0.045297,0.66027,0.011434,0.090908,-0.23923,0.52905,0.73949,0.39897,0.045592,0.4904
0.4079,0.43701,-0.071735,0.69397,0.26654,0.48383,-0.29442,0.28567,0.53105,0.38116,0.028015,0.66633,-0.015613,0.082906,-0.24075,0.53763,0.73728,0.39419,0.047061,0.49229
0.38026,0.43019,-0.079848,0.70094,0.26424,0.46782,-0.30906,0.26334,0.52306,0.36399,0.010522,0.66702,-0.044774,0.071282,-0.2496,0.54406,0.73484,0.37434,0.040258,0.49139
0.35289,0.41463,-0.086117,0.70396,0.2452,0.43473,-0.34242,0.22939,0.5201,0.34977,-0.0056794,0.66206,-0.073915,0.049008,-0.25809,0.54668,0.72902,0.3455,0.025764,0.48668
0.32749,0.37897,-0.088638,0.7014,0.2126,0.36792,-0.37306,0.17501,0.5219,0.33851,-0.017749,0.65198,-0.10607,0.0026459,-0.26056,0.54296,0.71546,0.31721,0.0055761,0.47707
0.30377,0.31256,-0.092199,0.69196,0.18277,0.32786,-0.37633,0.1485,0.52974,0.32856,-0.026589,0.63858,-0.14824,-0.080577,-0.26074,0.5311,0.69053,0.29567,-0.017527,0.46238
0.2834,0.21244,-0.10445,0.67483,0.15498,0.30328,-0.38263,0.18342,0.54578,0.31831,-0.035562,0.62487,-0.20217,-0.20617,-0.26777,0.50897,0.65405,0.2809,-0.04215,0.44306
0.27112,0.088438,-0.13031,0.64806,0.14357,0.26194,-0.40699,0.28188,0.56971,0.30749,-0.04901,0.61199,-0.26553,-0.36508,-0.28987,0.47379,0.6102,0.26874,-0.069351,0.42056
0.27005,-0.030025,-0.16866,0.61016,0.14357,0.20529,-0.42901,0.34358,0.59691,0.29535,-0.069087,0.59849,-0.32539,-0.51846,-0.32922,0.42387,0.56697,0.25603,-0.10043,0.39664
0.27666,-0.10851,-0.21414,0.56323,0.14357,0.13377,-0.4441,0.36011,0.62028,0.2812,-0.093263,0.58128,-0.37309,-0.61345,-0.38276,0.36182,0.53424,0.2417,-0.13465,0.37288
0.28522,-0.13848,-0.2614,0.51519,0.14357,0.072709,-0.4276,0.35112,0.63596,0.26472,-0.11577,0.55849,-0.40042,-0.63915,-0.44741,0.29665,0.52072,0.22628,-0.16825,0.35014
0.29042,-0.14108,-0.30843,0.47672,0.13962,0.016983,-0.46256,0.34439,0.64574,0.24469,-0.13025,0.53085,-0.40333,-0.63333,-0.52069,0.24052,0.52854,0.20962,-0.19771,0.32927
0.28875,-0.13738,-0.35548,0.45471,0.13614,0.0071823,-0.5215,0.34125,0.6553,0.21898,-0.13555,0.50208,-0.39006,-0.63026,-0.60356,0.20304,0.55129,0.18735,-0.22273,0.3123
0.29245,-0.13365,-0.39921,0.45527,0.13711,0.016561,-0.54875,0.34065,0.66883,0.18562,-0.13588,0.47899,-0.3491,-0.63674,-0.69404,0.18363,0.57924,0.15363,-0.24668,0.30088
0.37475,-0.12779,-0.42202,0.53243,0.15053,0.016561,-0.55633,0.33451,0.68466,0.14435,-0.13723,0.46597,-0.041278,-0.63348,-0.77229,0.28992,0.60465,0.10495,-0.2733,0.29445
0.62509,-0.10609,-0.38798,0.77466,0.26778,0.015351,-0.55633,0.33935,0.6992,0.098186,-0.14324,0.46445,0.43418,-0.58103,-0.76254,0.61713,0.62447,0.044529,-0.30407,0.28951
0.9906,-0.059592,-0.2624,1.1396,0.43521,0.00067038,-0.55633,0.3528,0.71133,0.052216,-0.15359,0.47144,0.9069,-0.4698,-0.59292,1.0495,0.63851,-0.018146,-0.33775,0.28335
1.3263,0.0034984,-0.077611,1.1639,0.55403,-0.047165,-0.55633,0.3528,0.72204,0.010452,-0.16697,0.47182,1.2803,-0.33811,-0.34255,1.0764,0.64913,-0.072413,-0.37308,0.27251
1.584,0.064912,0.10343,1.1911,0.61895,-0.10513,-0.55129,0.3528,0.73224,-0.027503,-0.18245,0.47148,1.5529,-0.22839,-0.12196,1.1058,0.65991,-0.11414,-0.40967,0.26624
1.7653,0.11234,0.24785,1.2216,0.64602,-0.12368,-0.5159,0.3528,0.74118,-0.065102,-0.19956,0.46852,1.741,-0.15528,0.038875,1.1383,0.67582,-0.14686,-0.44655,0.26889
1.8819,0.14853,0.35206,1.2554,0.66402,-0.12368,-0.41169,0.3528,0.74719,-0.10426,-0.21674,0.46407,1.8611,-0.10832,0.14529,1.1742,0.70074,-0.17511,-0.48175,0.28128
1.948,0.18595,0.42508,1.2923,0.66855,-0.12368,-0.22029,0.3528,0.74855,-0.14505,-0.23342,0.46165,1.9291,-0.063189,0.21355,1.2134,0.73231,-0.20079,-0.51233,0.29977
1.979,0.23247,0.47869,1.3323,0.68151,-0.12368,-0.090743,0.34768,0.74446,-0.18743,-0.25053,0.46449,1.9608,-0.0031861,0.26165,1.2557,0.76314,-0.22547,-0.53647,0.31844
1.9899,0.2819,0.52025,1.3762,0.69081,-0.12368,-0.052006,0.32016,0.73528,-0.2315,-0.27111,0.47343,1.972,0.064463,0.3003,1.3016,0.78539,-0.25212,-0.55624,0.33074
1.9925,0.32236,0.55129,1.426,0.69081,-0.12368,-0.045802,0.24819,0.72306,-0.27743,-0.29922,0.48803,1.9747,0.12278,0.33123,1.3527,0.7951,-0.28429,-0.57808,0.33201
1.9927,0.34621,0.57131,1.4307,0.69081,-0.12368,-0.046935,0.24526,0.71138,-0.32377,-0.33754,0.49722,1.975,0.15951,0.35233,1.3542,0.7926,-0.32435,-0.61062,0.33914
1.9928,0.35567,0.58129,1.433,0.69081,-0.1315,-0.053984,0.23819,0.7007,-0.36711,-0.38565,0.50838,1.9751,0.17758,0.36324,1.3537,0.78137,-0.37363,-0.65899,0.33155
1.994,0.35952,0.58715,1.4334,0.69081,-0.19146,-0.063596,0.29017,0.69141,-0.40329,-0.43624,0.51914,1.9761,0.18691,0.36947,1.3514,0.76585,-0.43182,-0.7212,0.32001
1.9968,0.36674,0.59585,1.4299,0.69081,-0.23786,-0.063509,0.26081,0.68198,-0.43114,-0.47712,0.52474,1.9787,0.19745,0.37957,1.3488,0.74939,-0.49832,-0.78731,0.31151
1.9997,0.37953,0.60901,1.4075,0.69914,-0.24445,-0.05904,0.2597,0.67289,-0.45149,-0.49838,0.52506,1.981,0.21111,0.39606,1.3276,0.73416,-0.56964,-0.84296,0.3031
1.9972,0.39292,0.62145,1.3016,0.72697,-0.22009,-0.05904,0.2771,0.66464,-0.4656,-0.50121,0.52109,1.9778,0.22168,0.41208,1.219,0.72067,-0.63778,-0.87806,0.2905
2.0014,0.39883,0.62518,0.51712,0.72697,-0.20088,-0.05904,0.2771,0.66306,-0.474,-0.48762,0.50694,1.9826,0.22005,0.41985,0.16405,0.71653,-0.69103,-0.88649,0.27993
1.9766,0.39756,0.61387,0.51712,0.71977,-0.19493,-0.05904,0.2771,0.65912,-0.47595,-0.44824,0.50694,1.9579,0.20521,0.4115,0.16405,0.71542,-0.71933,-0.8398,0.27993
1.9089,0.39833,0.59519,0.51712,0.68717,-0.15231,-0.056823,0.2771,0.65032,-0.4611,-0.35208,0.50694,1.8893,0.19116,0.39852,0.16405,0.71537,-0.69794,-0.68478,0.27993
1.7872,0.4178,0.59216,0.51712,0.64365,-0.029887,-0.035517,0.2771,0.63688,-0.4028,-0.19858,0.50694,1.7643,0.19839,0.4108,0.16405,0.71118,-0.60494,-0.43132,0.27993
1.6065,0.4637,0.62589,0.51712,0.61327,0.060838,0.012877,0.2771,0.62104,-0.29015,-0.030424,0.50694,1.575,0.24367,0.47291,0.16405,0.69574,-0.45513,-0.1687,0.27993
1.3785,0.52461,0.69162,0.51712,0.60105,0.12454,0.052441,0.2771,0.60546,-0.15149,0.11538,0.50694,1.3268,0.31627,0.57136,0.16405,0.66505,-0.28957,0.048865,0.27993
1.1586,0.57985,0.76301,0.51712,0.59748,0.15317,0.07315,0.2771,0.59121,-0.020309,0.22677,0.50694,1.0701,0.38642,0.66878,0.16405,0.62193,-0.1339,0.2101,0.27993
1.0399,0.61652,0.8195,0.51712,0.57814,0.15849,0.070187,0.2771,0.5789,0.086911,0.3077,0.50694,0.9166,0.43595,0.74292,0.16405,0.57931,0.0017569,0.323,0.27993
1.0368,0.63406,0.85426,0.51712,0.53666,0.15849,0.068567,0.2771,0.57011,0.16804,0.36882,0.50694,0.90445,0.46157,0.78788,0.16405,0.55495,0.11582,0.40135,0.27993
1.0928,0.64064,0.87171,0.44937,0.4761,0.15849,0.12426,0.26861,0.56319,0.2286,0.42038,0.51951,0.96572,0.47262,0.80998,0.045533,0.55808,0.20978,0.45994,0.24537
1.1711,0.64396,0.87968,0.38084,0.44385,0.15849,0.17867,0.23341,0.56283,0.27681,0.46845,0.53094,1.0523,0.4785,0.81946,-0.080327,0.58018,0.28654,0.50934,0.22739
1.1711,0.64577,0.88263,0.38084,0.44385,0.15849,0.21194,0.23341,0.56283,0.31947,0.51608,0.53094,1.0523,0.48225,0.82314,-0.080327,0.58018,0.34976,0.55193,0.22739
1.1711,0.6433,0.88046,0.38084,0.44385,0.15849,0.25271,0.23341,0.56283,0.36253,0.56625,0.53094,1.0523,0.48181,0.82217,-0.080327,0.58018,0.40323,0.58716,0.22739
1.1711,0.63508,0.87338,0.38084,0.44385,0.15849,0.29392,0.23341,0.56283,0.41035,0.6228,0.53094,1.0523,0.47594,0.81697,-0.080327,0.58018,0.45008,0.61461,0.22739
1.1711,0.62194,0.86357,0.38084,0.44385,0.14964,0.3432,0.23341,0.56283,0.46428,0.68469,0.53094,1.0523,0.46559,0.80943,-0.080327,0.58018,0.49289,0.636,0.22739
1.1711,0.60756,0.85289,0.38084,0.44385,0.14681,0.36274,0.23341,0.56283,0.52121,0.74528,0.53094,1.0523,0.45488,0.80046,-0.080327,0.58018,0.53654,0.65398,0.22739
1.1711,0.59313,0.84242,0.38084,0.44385,0.13436,0.37395,0.23341,0.56283,0.57651,0.79734,0.53094,1.0523,0.44614,0.79101,-0.080327,0.58018,0.58505,0.67033,0.22739
1.1711,0.57609,0.82751,0.38084,0.44385,0.12792,0.37458,0.23341,0.56283,0.62714,0.83637,0.53094,1.0523,0.4361,0.77693,-0.080327,0.58018,0.63758,0.68495,0.22739
0.72689,0.54753,0.79816,0.36731,0.065191,0.14123,0.39532,0.27651,0.85946,0.6711,0.86187,0.66621,0.63354,0.41807,0.7489,0.14542,0.71498,0.68725,0.69524,0.56233
0.74307,0.49516,0.74271,0.43988,0.13274,0.15149,0.40856,0.31501,0.89805,0.70614,0.87691,0.69953,0.6587,0.37732,0.69459,0.25791,0.7263,0.72648,0.69918,0.57459
0.75745,0.40728,0.65143,0.51333,0.15574,0.10699,0.42307,0.34786,0.92481,0.73079,0.88595,0.73034,0.67044,0.29893,0.60202,0.36404,0.72322,0.75163,0.69726,0.57294
0.78024,0.27951,0.52291,0.57508,0.17292,0.049898,0.44198,0.37057,0.93288,0.74392,0.89346,0.74835,0.68324,0.17411,0.46709,0.44442,0.70895,0.76503,0.69333,0.56192
0.81804,0.12495,0.37583,0.62461,0.18957,0.004427,0.44245,0.41215,0.92339,0.74723,0.90192,0.75124,0.69957,0.0063625,0.30354,0.49763,0.68901,0.77185,0.6918,0.54861
0.87883,-0.0026392,0.27676,0.66566,0.24748,-0.0051471,0.43695,0.47712,0.9031,0.74427,0.91169,0.7433,0.73854,-0.15293,0.18142,0.53257,0.66754,0.7773,0.69468,0.53911
0.96196,-0.0037723,0.2958,0.69904,0.38205,-0.0088028,0.44441,0.53217,0.87943,0.73936,0.92132,0.73173,0.80922,-0.16698,0.19188,0.55615,0.64788,0.78305,0.70035,0.53563
1.0634,0.15334,0.40721,0.72589,0.55175,-0.001998,0.45982,0.59061,0.85849,0.73489,0.92866,0.72343,0.91266,0.021794,0.31147,0.57754,0.63237,0.78815,0.70616,0.53572
1.1662,0.36742,0.53612,0.74531,0.67853,0.042345,0.45931,0.62661,0.84261,0.73136,0.93198,0.72109,1.0237,0.26681,0.4503,0.59574,0.62383,0.79084,0.71337,0.53473
1.2506,0.55394,0.64425,0.7565,0.75536,0.11191,0.48539,0.66509,0.83257,0.72778,0.92958,0.72334,1.1148,0.46648,0.56486,0.60758,0.62392,0.79013,0.72526,0.52903
1.3045,0.68668,0.72184,0.75936,0.7705,0.14408,0.50528,0.68137,0.82782,0.7226,0.91885,0.72666,1.1714,0.60166,0.64567,0.6098,0.63085,0.78608,0.74485,0.5181
1.3275,0.76791,0.77066,0.75532,0.7705,0.14538,0.50923,0.68137,0.82676,0.71414,0.89874,0.72846,1.1941,0.68029,0.6955,0.60279,0.6404,0.77879,0.77162,0.50395
1.3501,0.81019,0.79647,0.76674,0.7705,0.14046,0.50923,0.68137,0.82631,0.7019,0.87125,0.73051,1.2157,0.71834,0.72097,0.6132,0.65069,0.76635,0.80256,0.4897
1.3543,0.82872,0.80693,0.77338,0.7705,0.12915,0.50923,0.68137,0.82668,0.68656,0.84087,0.73238,1.2183,0.73421,0.73052,0.62009,0.65301,0.74597,0.83337,0.47387
1.3494,0.83495,0.80861,0.77581,0.7705,0.11415,0.50923,0.68137,0.82205,0.66806,0.8117,0.73046,1.2117,0.73944,0.73127,0.62406,0.64687,0.71592,0.86012,0.45716
1.3416,0.83565,0.80664,0.77158,0.7705,0.12701,0.53171,0.68137,0.80805,0.64509,0.78515,0.72133,1.2019,0.74017,0.72848,0.62047,0.6346,0.67902,0.88003,0.44144
1.3341,0.83404,0.80319,0.75911,0.7705,0.13533,0.54071,0.68137,0.78595,0.61758,0.76027,0.70384,1.1925,0.7391,0.72454,0.60526,0.62009,0.6431,0.89082,0.43139
1.3267,0.83177,0.79903,0.73724,0.7705,0.11807,0.51901,0.68137,0.76301,0.58804,0.73641,0.6823,1.184,0.73722,0.72004,0.57612,0.6074,0.61688,0.89215,0.43089
1.3184,0.83018,0.79364,0.70723,0.7705,0.076053,0.48626,0.67989,0.74787,0.56282,0.71386,0.66447,1.1758,0.7361,0.71424,0.53585,0.59916,0.60204,0.88575,0.44037
1.3076,0.82945,0.78393,0.67049,0.7705,0.060048,0.47711,0.66819,0.74523,0.54661,0.69331,0.65695,1.1674,0.73614,0.70374,0.49036,0.59542,0.59373,0.87498,0.45534
1.29,0.82644,0.76257,0.62867,0.7705,0.051569,0.47591,0.65283,0.75202,0.54003,0.67495,0.65972,1.1539,0.73382,0.68087,0.44513,0.59444,0.58513,0.86352,0.46863
1.2596,0.81347,0.72123,0.58507,0.7705,0.051569,0.47591,0.6377,0.76195,0.5389,0.65961,0.66766,1.128,0.71996,0.63696,0.40463,0.59292,0.57394,0.85435,0.4744
1.2053,0.77719,0.65101,0.54113,0.7705,0.050874,0.46534,0.63531,0.76986,0.53911,0.65023,0.67438,1.0755,0.67932,0.56198,0.36375,0.58744,0.56111,0.84868,0.47197
1.1146,0.70249,0.54388,0.49872,0.76793,0.049361,0.43611,0.62298,0.7742,0.53816,0.64913,0.67761,0.98192,0.59447,0.44585,0.3212,0.57513,0.54878,0.84491,0.46665
0.97823,0.57744,0.39554,0.46095,0.74549,0.049031,0.39958,0.59349,0.77427,0.53441,0.65669,0.67963,0.83727,0.45121,0.27967,0.28166,0.55488,0.5388,0.83966,0.46564
0.7994,0.39924,0.20779,0.4342,0.64667,0.031549,0.33484,0.52865,0.76975,0.52646,0.67214,0.68447,0.64564,0.24226,0.056207,0.25827,0.52993,0.53298,0.82909,0.47234
0.60541,0.18341,-0.0028214,0.42246,0.48652,-0.018615,0.30399,0.46244,0.76121,0.51382,0.69319,0.69302,0.43993,-0.021508,-0.22476,0.25839,0.5063,0.53311,0.81107,0.48488
0.45316,-0.02671,-0.18677,0.42143,0.32903,-0.10346,0.29211,0.43705,0.75301,0.49681,0.71695,0.70337,0.28613,-0.29292,-0.52488,0.27007,0.48876,0.53864,0.78537,0.49902
0.38607,-0.18045,-0.28488,0.42376,0.2214,-0.16131,0.27804,0.47585,0.75025,0.47583,0.73986,0.71205,0.22502,-0.51719,-0.7312,0.2792,0.47753,0.54557,0.75468,0.51062
0.37947,-0.25999,-0.29386,0.42262,0.19435,-0.17826,0.26159,0.48751,0.75577,0.45198,0.75874,0.7173,0.22187,-0.65855,-0.76022,0.27796,0.46874,0.54861,0.72314,0.51713
0.39107,-0.2843,-0.26791,0.41706,0.16894,-0.19728,0.2402,0.49685,0.76688,0.42742,0.77139,0.71897,0.23232,-0.73337,-0.71108,0.26972,0.45976,0.5447,0.69527,0.5187
0.40409,-0.27702,-0.23879,0.40891,0.14546,-0.20769,0.19998,0.50754,0.77759,0.4039,0.77703,0.71821,0.23851,-0.7579,-0.6633,0.25939,0.45195,0.53363,0.67575,0.51651
0.41657,-0.254,-0.21794,0.40291,0.12608,-0.19906,0.14145,0.52189,0.78365,0.38187,0.77657,0.7158,0.23961,-0.74602,-0.6313,0.25374,0.44905,0.51778,0.66575,0.51143
0.45795,-0.22661,-0.20954,0.44506,0.17413,-0.22992,0.071596,0.54645,0.78614,0.36033,0.77178,0.71166,0.27331,-0.71891,-0.61605,0.30264,0.45418,0.4994,0.66256,0.50431
0.60678,-0.20056,-0.21163,0.61366,0.17616,-0.25242,-0.0060699,0.53227,0.78867,0.33765,0.76427,0.70485,0.46549,-0.6901,-0.6086,0.516,0.46431,0.47824,0.66093,0.49444
0.91363,-0.17298,-0.21286,0.93061,0.16017,-0.28534,0.0044893,0.51397,0.79531,0.31276,0.75432,0.69506,0.8362,-0.66441,-0.59152,0.87622,0.47611,0.45233,0.65565,0.48485
1.2779,-0.1397,-0.19653,1.284,0.13611,-0.30695,0.026205,0.51118,0.80601,0.28574,0.74039,0.68232,1.2385,-0.63289,-0.55101,1.2532,0.48667,0.42022,0.64239,0.48034
1.3023,-0.087853,-0.15348,1.5815,0.10766,-0.31764,0.043425,0.51118,0.81155,0.25641,0.71996,0.66703,1.2642,-0.5533,-0.4791,1.5613,0.4974,0.38311,0.61889,0.48459
1.3294,-0.0033007,-0.089575,1.8035,0.096086,-0.31308,0.038851,0.51118,0.81914,0.22429,0.69125,0.64883,1.2926,-0.38827,-0.3843,1.7884,0.51283,0.34438,0.58573,0.49595
1.3596,0.10856,-0.019442,1.9561,0.063463,-0.31308,0.01047,0.52038,0.82831,0.1891,0.65343,0.62589,1.3243,-0.17931,-0.28399,1.9436,0.53035,0.30614,0.54603,0.50992
1.3932,0.22103,0.043271,1.9849,0.025247,-0.31308,-0.0015498,0.52038,0.83926,0.15129,0.60641,0.60764,1.3592,0.0014322,-0.19637,1.9726,0.54458,0.26684,0.50484,0.51326
1.4305,0.31079,0.091796,2.0158,-0.0048527,-0.27673,0.012365,0.52038,0.85255,0.11296,0.55167,0.58173,1.3977,0.12682,-0.13182,2.0038,0.55069,0.22327,0.4673,0.51576
1.4724,0.37283,0.13636,2.0493,-0.014234,-0.25326,0.061707,0.52038,0.86653,0.081089,0.49912,0.55125,1.4404,0.20024,-0.079947,2.0375,0.54773,0.18074,0.44115,0.51842
1.5199,0.42096,0.20352,2.0859,-0.017221,-0.22818,0.1153,0.51719,0.87733,0.072622,0.47265,0.52219,1.4887,0.24849,-0.00099995,2.0744,0.53944,0.16272,0.43689,0.52211
1.5747,0.47585,0.31118,2.1264,-0.03521,-0.20207,0.169,0.48536,0.88143,0.10207,0.49528,0.50079,1.5443,0.30676,0.13454,2.1152,0.53285,0.19539,0.46128,0.52716
1.6387,0.54687,0.44462,2.1716,-0.053862,-0.18179,0.21856,0.42691,0.87868,0.16216,0.56096,0.49023,1.6094,0.39307,0.30312,2.1605,0.53458,0.27285,0.5073,0.53338
1.7149,0.62249,0.57186,2.2223,-0.082632,-0.16051,0.25746,0.35448,0.87359,0.22963,0.63877,0.48773,1.6871,0.48953,0.45871,2.2115,0.54578,0.36032,0.558,0.5403
1.808,0.68385,0.6705,2.28,-0.10631,-0.12892,0.26986,0.29693,0.87362,0.28644,0.7032,0.48703,1.7824,0.56789,0.5763,2.2693,0.5609,0.43003,0.60105,0.54774
1.808,0.72129,0.735,2.3453,-0.10631,-0.10027,0.26986,0.23112,0.87362,0.32817,0.74582,0.48092,1.7824,0.61688,0.65233,2.335,0.5609,0.47295,0.63312,0.55473
1.808,0.73703,0.77087,2.4175,-0.10631,-0.062269,0.26986,0.16491,0.87362,0.35998,0.77067,0.46682,1.7824,0.63904,0.69447,2.4075,0.5609,0.4944,0.65821,0.56544
1.808,0.74011,0.78763,2.4913,-0.10631,-0.016872,0.26986,0.11713,0.87362,0.38888,0.78589,0.44665,1.7824,0.64644,0.71511,2.4819,0.5609,0.50603,0.68237,0.58059
1.808,0.73833,0.79259,2.4913,-0.10631,0.0069643,0.26986,0.11713,0.87362,0.41817,0.79826,0.44665,1.7824,0.64864,0.72273,2.4819,0.5609,0.51886,0.70923,0.58059
1.808,0.73305,0.79002,2.4913,-0.10631,0.0099765,0.26986,0.11713,0.87362,0.44742,0.81038,0.44665,1.7824,0.64691,0.72246,2.4819,0.5609,0.53723,0.73827,0.58059
1.808,0.72069,0.78254,2.4913,-0.10631,0.011392,0.26986,0.11713,0.87362,0.47667,0.82318,0.44665,1.7824,0.63674,0.71703,2.4819,0.5609,0.5598,0.76791,0.58059
1.808,0.69765,0.77279,2.4913,-0.10631,0.011392,0.28336,0.11713,0.87362,0.50695,0.83641,0.44665,1.7824,0.61336,0.70866,2.4819,0.5609,0.58255,0.79581,0.58059
1.808,0.6647,0.76316,2.4913,-0.10631,0.011392,0.30545,0.11713,0.87362,0.53804,0.84976,0.44665,1.7824,0.57875,0.69952,2.4819,0.5609,0.60194,0.81966,0.58059
1.808,0.62846,0.7552,2.4913,-0.10631,0.011392,0.32432,0.11713,0.87362,0.56731,0.86207,0.44665,1.7824,0.54196,0.69166,2.4819,0.5609,0.61634,0.83805,0.58059
1.808,0.59619,0.74655,2.4913,-0.10631,-0.0013201,0.3332,0.11713,0.87362,0.59016,0.869,0.44665,1.7824,0.5136,0.68399,2.4819,0.5609,0.6248,0.84905,0.58059
0.53672,0.56586,0.72896,0.37905,-0.29923,-0.0045218,0.37243,0.26872,0.56622,0.60117,0.86326,0.75193,0.43204,0.49098,0.66851,-0.74979,0.79275,0.62389,0.84942,0.84418
0.53909,0.52405,0.68992,0.38518,-0.21654,-0.02122,0.4016,0.32078,0.56726,0.59665,0.83829,0.75667,0.42491,0.45662,0.63165,-0.78438,0.77368,0.60935,0.83616,0.81731
0.53722,0.45311,0.61681,0.37351,-0.15352,-0.026645,0.40428,0.35677,0.57118,0.57758,0.79305,0.75716,0.40498,0.38713,0.55823,-0.78473,0.75011,0.57837,0.80878,0.78862
0.53211,0.34256,0.50114,0.35717,-0.098331,-0.010667,0.39845,0.35726,0.57832,0.54988,0.73507,0.75623,0.37692,0.26654,0.43675,-0.68547,0.72282,0.53446,0.77196,0.76566
0.52562,0.20179,0.34532,0.34685,-0.07992,0.0019271,0.40025,0.35726,0.59116,0.52192,0.6802,0.75592,0.34859,0.099431,0.26295,-0.52145,0.69407,0.48784,0.73434,0.74945
0.51815,0.068297,0.1711,0.34699,-0.07992,0.0081305,0.40072,0.36073,0.61492,0.49966,0.64468,0.75619,0.32354,-0.081094,0.047856,-0.35766,0.66703,0.45241,0.70397,0.73753
0.51267,-0.011566,0.022756,0.35591,-0.07992,0.047485,0.39397,0.40742,0.6514,0.48407,0.63287,0.75519,0.30483,-0.20734,-0.16895,-0.22437,0.6447,0.43668,0.68313,0.72658
0.51527,-0.038966,-0.060912,0.36826,0.027463,0.14842,0.39122,0.42926,0.69654,0.47311,0.63798,0.75242,0.2992,-0.26029,-0.33196,-0.13129,0.62929,0.43657,0.66754,0.71506
0.52968,-0.048309,-0.078044,0.37985,0.1477,0.22581,0.38384,0.42971,0.7432,0.46567,0.65147,0.74859,0.31213,-0.28173,-0.3927,-0.073025,0.62064,0.44092,0.65175,0.70295
0.552,-0.056925,-0.055251,0.39024,0.2487,0.2632,0.3773,0.42971,0.78299,0.4617,0.6692,0.74499,0.34169,-0.29718,-0.36865,-0.034469,0.6179,0.44134,0.63379,0.69247
0.5757,-0.065473,-0.019676,0.39962,0.27701,0.30433,0.37559,0.42971,0.81245,0.45853,0.68781,0.7443,0.38023,-0.31102,-0.31274,-0.0017578,0.61786,0.43409,0.61432,0.68506
0.59454,-0.073576,0.0072601,0.40832,0.27789,0.32725,0.37494,0.44447,0.83189,0.45089,0.705,0.74731,0.41553,-0.32555,-0.26494,0.030893,0.61683,0.42009,0.59644,0.68038
0.61359,-0.08008,0.01715,0.42493,0.27984,0.34207,0.37494,0.45401,0.85613,0.43458,0.71809,0.7562,0.44554,-0.34239,-0.2393,0.082287,0.59186,0.40306,0.58385,0.66459
0.6224,-0.078988,0.016012,0.43207,0.30919,0.34967,0.37008,0.45401,0.87499,0.40981,0.72687,0.76557,0.45729,-0.35839,-0.22746,0.12634,0.56391,0.3868,0.57778,0.64098
0.62352,-0.064448,0.021444,0.43469,0.39323,0.34967,0.36252,0.43624,0.8882,0.38208,0.73159,0.77245,0.45348,-0.35752,-0.20777,0.16304,0.5332,0.3726,0.57739,0.61518
0.61966,-0.016351,0.079415,0.4532,0.4476,0.34967,0.3651,0.41441,0.89662,0.35796,0.73381,0.77622,0.43984,-0.30607,-0.13666,0.20551,0.50339,0.36055,0.58055,0.59353
0.61521,0.080125,0.22962,0.5168,0.46744,0.36341,0.40111,0.41339,0.90339,0.34218,0.73464,0.77812,0.42338,-0.17889,0.02951,0.27519,0.48149,0.34972,0.58684,0.5801
0.61374,0.20679,0.42851,0.62559,0.47511,0.37559,0.47474,0.45793,0.914,0.33462,0.73462,0.78075,0.41067,-0.011261,0.24576,0.37582,0.47459,0.34084,0.59871,0.57344
0.6162,0.32734,0.60839,0.74734,0.47832,0.38771,0.52958,0.47355,0.93215,0.33241,0.73317,0.78594,0.40375,0.14175,0.4393,0.48745,0.486,0.334,0.61649,0.57052
0.62004,0.41927,0.74018,0.84985,0.48681,0.39547,0.54909,0.48825,0.95616,0.33283,0.72882,0.79331,0.4003,0.25486,0.58134,0.58439,0.51135,0.32841,0.6359,0.57044
0.62189,0.4766,0.82113,0.92071,0.51083,0.39547,0.5376,0.48825,0.97928,0.33473,0.72076,0.80022,0.39853,0.32405,0.66946,0.65501,0.5412,0.32084,0.65091,0.57266
0.61753,0.5048,0.86098,0.96061,0.53958,0.39547,0.49042,0.48825,0.99432,0.33735,0.71017,0.80475,0.39464,0.35807,0.71391,0.69743,0.56706,0.30739,0.65763,0.57578
0.60368,0.51469,0.87377,0.97736,0.57328,0.39547,0.45463,0.48825,0.99728,0.33929,0.69876,0.80607,0.38267,0.37027,0.72887,0.71786,0.58416,0.28696,0.65817,0.57799
0.5785,0.51699,0.87335,0.98074,0.57732,0.39547,0.42381,0.48245,0.98815,0.33922,0.6874,0.80475,0.35491,0.37289,0.7286,0.72479,0.59231,0.26214,0.65967,0.57837
0.54468,0.51849,0.86877,0.97765,0.57732,0.39547,0.40304,0.45828,0.97064,0.33716,0.67532,0.80195,0.3058,0.37446,0.72305,0.72439,0.59395,0.23849,0.6701,0.57515
0.50662,0.52194,0.86346,0.97107,0.55577,0.39308,0.39281,0.42608,0.94905,0.33487,0.66135,0.79662,0.23036,0.37766,0.71652,0.71831,0.59477,0.22271,0.69185,0.56852
0.46967,0.52734,0.85888,0.96305,0.51718,0.3777,0.38556,0.45132,0.92742,0.33463,0.64566,0.78791,0.13053,0.38317,0.71109,0.70844,0.6011,0.21881,0.72084,0.55916
0.4397,0.53363,0.85558,0.95564,0.48186,0.35989,0.39358,0.46968,0.90882,0.33812,0.63045,0.77536,0.015878,0.38999,0.70754,0.69777,0.61689,0.22698,0.75026,0.54881
0.42176,0.5377,0.8528,0.94999,0.48166,0.32641,0.39381,0.4878,0.89596,0.3449,0.61845,0.76008,-0.088599,0.39641,0.70486,0.68931,0.63975,0.24317,0.77454,0.53854
0.42054,0.53733,0.84863,0.94541,0.48166,0.28497,0.39381,0.49605,0.8898,0.35253,0.61317,0.74508,-0.14758,0.39915,0.7008,0.68446,0.6635,0.26172,0.79032,0.52819
0.4349,0.52634,0.83621,0.93669,0.4774,0.26472,0.39582,0.49605,0.88817,0.35897,0.6159,0.73382,-0.13835,0.39212,0.68961,0.67984,0.68158,0.27716,0.79669,0.51804
0.45491,0.49502,0.80141,0.91298,0.47174,0.23794,0.41834,0.49605,0.88517,0.36267,0.62589,0.72758,-0.083242,0.36372,0.6573,0.66532,0.69077,0.2863,0.79398,0.50736
0.4698,0.43371,0.72645,0.86262,0.45883,0.22167,0.4523,0.49605,0.87338,0.36329,0.63912,0.72355,-0.020703,0.30175,0.58535,0.62929,0.6911,0.28821,0.78303,0.49557
0.4745,0.33945,0.59503,0.77722,0.44697,0.21936,0.46563,0.50268,0.84792,0.36129,0.65028,0.71762,0.029818,0.20121,0.45662,0.56277,0.68479,0.28483,0.76653,0.48128
0.47025,0.22008,0.39356,0.65878,0.4348,0.18152,0.42117,0.51387,0.80898,0.35826,0.65663,0.70713,0.061733,0.066669,0.25498,0.46602,0.67543,0.27938,0.74854,0.46295
0.46165,0.10001,0.11881,0.52268,0.41561,0.091891,0.34962,0.49019,0.7625,0.35574,0.65712,0.6933,0.076362,-0.077139,-0.027816,0.34782,0.66593,0.27692,0.73346,0.44033
0.45365,0.011737,-0.20021,0.40155,0.4048,0.034764,0.29467,0.49109,0.71876,0.35488,0.65219,0.67939,0.079897,-0.19117,-0.37357,0.22973,0.65795,0.2828,0.72354,0.41663
0.45153,-0.031402,-0.45249,0.33539,0.41578,0.025938,0.26122,0.49995,0.68897,0.35602,0.643,0.66847,0.084827,-0.25382,-0.6645,0.14892,0.65161,0.29984,0.71652,0.39569
0.46733,-0.046812,-0.53832,0.35059,0.38508,0.039463,0.24911,0.51879,0.67985,0.35762,0.63134,0.66267,0.1185,-0.27976,-0.74966,0.15421,0.64642,0.32531,0.70609,0.38103
0.52444,-0.056332,-0.53096,0.45457,0.339,0.045082,0.24146,0.55449,0.68957,0.35735,0.61947,0.66194,0.22214,-0.29805,-0.72136,0.27852,0.64155,0.35167,0.6855,0.37556
0.63141,-0.070843,-0.49485,0.61531,0.39422,0.046768,0.25544,0.60646,0.70994,0.35396,0.6086,0.66531,0.39282,-0.32377,-0.67656,0.47276,0.63538,0.37175,0.65112,0.37858
0.77109,-0.088895,-0.44773,0.78691,0.53876,0.047447,0.2631,0.7265,0.73165,0.3488,0.59798,0.67044,0.58801,-0.36052,-0.63751,0.66993,0.62562,0.38425,0.60315,0.38906
0.91188,-0.10641,-0.39174,0.94036,0.68761,0.054479,0.2631,0.83162,0.74829,0.34579,0.58628,0.67526,0.76519,-0.40232,-0.59225,0.83752,0.61015,0.39492,0.54483,0.40766
1.0297,-0.11571,-0.33047,1.0616,0.78742,0.0615,0.2631,0.86234,0.75744,0.34901,0.571,0.67833,0.90321,-0.43618,-0.5332,0.96426,0.58955,0.41299,0.48259,0.43642
1.1145,-0.11447,-0.27028,1.1486,0.81909,0.068719,0.2631,0.87704,0.75986,0.35907,0.5499,0.67784,0.99816,-0.44774,-0.4635,1.0516,0.56754,0.44209,0.42496,0.47497
1.1668,-0.10522,-0.21572,1.2046,0.82438,0.077184,0.26017,0.88867,0.75873,0.37304,0.52177,0.67246,1.0547,-0.43444,-0.39293,1.1055,0.54996,0.47675,0.38002,0.51838
1.1928,-0.095609,-0.1703,1.2357,0.82438,0.077184,0.26017,0.89008,0.7582,0.38707,0.48695,0.66182,1.0821,-0.41005,-0.33115,1.1336,0.54058,0.50754,0.35199,0.55923
1.2021,-0.090508,-0.13555,1.2503,0.82438,0.077184,0.26017,0.89008,0.76112,0.39844,0.44884,0.64791,1.0913,-0.38791,-0.28303,1.1458,0.53946,0.52898,0.33777,0.59195
1.2041,-0.090134,-0.11021,1.256,0.82438,0.077184,0.26017,0.89008,0.76796,0.40676,0.41371,0.63529,1.0926,-0.37252,-0.24931,1.1506,0.54264,0.54079,0.32731,0.61486
1.2059,-0.090841,-0.093063,1.2589,0.82438,0.063962,0.22307,0.89008,0.77722,0.41282,0.38587,0.62879,1.0932,-0.35868,-0.22903,1.1537,0.54482,0.54658,0.31129,0.62962
1.2106,-0.090043,-0.083582,1.2618,0.82438,0.038178,0.15444,0.89008,0.78636,0.41723,0.36584,0.62921,1.0968,-0.34454,-0.22107,1.1581,0.54388,0.54956,0.28497,0.6398
1.2175,-0.088774,-0.080501,1.2652,0.82438,0.018934,0.088594,0.89008,0.7932,0.42075,0.34951,0.63244,1.103,-0.33235,-0.22291,1.164,0.53977,0.54945,0.24968,0.64773
1.2243,-0.088861,-0.083521,1.2679,0.82438,-0.0033008,0.071725,0.89008,0.79523,0.42383,0.332,0.63389,1.1096,-0.32393,-0.23227,1.1693,0.53459,0.54431,0.21094,0.65412
1.2266,-0.089303,-0.09196,1.2664,0.82438,-0.03576,0.053758,0.89008,0.7896,0.42726,0.31303,0.62977,1.1124,-0.31973,-0.24629,1.1702,0.5291,0.5335,0.17555,0.65785
1.2181,-0.088919,-0.104,1.2546,0.82438,-0.055893,0.024602,0.89008,0.77524,0.43218,0.29836,0.62027,1.1047,-0.31849,-0.26124,1.1592,0.52289,0.51967,0.14888,0.65764
1.1923,-0.088003,-0.11854,1.2259,0.82438,-0.055666,0.0011976,0.89008,0.75464,0.43908,0.29624,0.61012,1.0791,-0.31655,-0.27509,1.1293,0.51498,0.50793,0.13209,0.65372
1.1421,-0.090008,-0.13693,1.1734,0.82438,-0.049325,-0.022925,0.89008,0.73228,0.44706,0.31004,0.60561,1.0266,-0.31351,-0.28926,1.0731,0.50629,0.50173,0.12386,0.64804
1.0615,-0.096183,-0.16245,1.0914,0.82438,-0.045466,-0.035393,0.88293,0.7126,0.45294,0.33469,0.60874,0.93947,-0.31185,-0.30895,0.98485,0.49893,0.49825,0.12329,0.64117
0.95038,-0.10531,-0.19725,0.97883,0.82438,-0.043171,0.033724,0.85376,0.69727,0.45284,0.36207,0.61613,0.81513,-0.31764,-0.33909,0.86388,0.49418,0.48958,0.12926,0.63088
0.81804,-0.11406,-0.23983,0.8416,0.77081,-0.042765,0.090709,0.7593,0.68584,0.44494,0.38798,0.62247,0.66111,-0.33662,-0.38195,0.71714,0.49107,0.4694,0.14052,0.6133
0.68891,-0.12135,-0.28549,0.69688,0.63423,-0.056682,0.097133,0.6085,0.67758,0.43167,0.41228,0.62415,0.50322,-0.37185,-0.43544,0.56402,0.4872,0.43927,0.15614,0.58598
0.5955,-0.12872,-0.32551,0.57405,0.41175,-0.05899,0.097133,0.49977,0.67156,0.41912,0.43619,0.6209,0.38234,-0.4201,-0.49088,0.43745,0.48051,0.40916,0.17361,0.55069
0.55034,-0.13643,-0.35123,0.49478,0.15321,-0.05899,0.097133,0.36947,0.66679,0.41347,0.4579,0.61363,0.31971,-0.46828,-0.5352,0.35801,0.46977,0.39085,0.19141,0.51258
0.53447,-0.1438,-0.36233,0.45626,0.10117,-0.05899,0.09255,0.27895,0.66258,0.41607,0.47525,0.60237,0.29411,-0.50438,-0.55928,0.31762,0.45851,0.38809,0.20924,0.47738
0.52061,-0.14907,-0.36389,0.43868,0.21739,-0.063338,0.09269,0.23192,0.65911,0.4238,0.48752,0.58669,0.27136,-0.52271,-0.56348,0.29419,0.45397,0.39312,0.22806,0.44844
0.49597,-0.15126,-0.36144,0.42908,0.28489,-0.064621,0.09269,0.22751,0.65706,0.43322,0.49636,0.56953,0.23041,-0.52574,-0.55561,0.27243,0.46157,0.39555,0.24898,0.42517
0.46217,-0.15097,-0.35991,0.42383,0.30121,-0.090618,0.09269,0.22828,0.65576,0.44231,0.50411,0.55638,0.17064,-0.51905,-0.54621,0.24824,0.47972,0.39137,0.27242,0.40574
0.42816,-0.15057,-0.35922,0.41922,0.30121,-0.13938,0.09269,0.21142,0.65409,0.45063,0.51218,0.5502,0.10268,-0.50845,-0.54039,0.2206,0.50025,0.38251,0.29873,0.38919
0.40463,-0.15186,-0.35877,0.41139,0.30121,-0.16446,0.09269,0.19784,0.65154,0.45835,0.5194,0.5502,0.046356,-0.49641,-0.53872,0.18751,0.51682,0.3733,0.32769,0.37703
0.39772,-0.15425,-0.35562,0.39973,0.30121,-0.16067,0.09269,0.18258,0.64917,0.46483,0.52283,0.55204,0.019538,-0.48319,-0.5398,0.15024,0.52793,0.36673,0.35666,0.37024
0.4052,-0.15402,-0.34535,0.39021,0.30121,-0.15044,0.093899,0.16116,0.6469,0.46889,0.52015,0.54995,0.023796,-0.46801,-0.54045,0.11806,0.53717,0.36281,0.3811,0.36687
0.41857,-0.14627,-0.32538,0.38931,0.29165,-0.15044,0.094047,0.14804,0.64424,0.4701,0.51145,0.54042,0.044159,-0.45077,-0.53936,0.10096,0.54916,0.35935,0.39711,0.36134
0.42869,-0.13078,-0.29803,0.39696,0.27872,-0.1436,0.1155,0.13222,0.64144,0.46982,0.4994,0.52541,0.066093,-0.43103,-0.53742,0.10078,0.56601,0.35385,0.40377,0.34804
0.43001,-0.11241,-0.26988,0.40729,0.28766,-0.14047,0.12986,0.11329,0.64046,0.47116,0.48959,0.51138,0.082246,-0.407,-0.53619,0.11098,0.58689,0.34543,0.40424,0.32562
0.42376,-0.098015,-0.24882,0.41584,0.29616,-0.14047,0.1424,0.097496,0.64405,0.47751,0.48725,0.50604,0.095819,-0.37912,-0.53911,0.12591,0.60904,0.33456,0.40376,0.29827
0.41594,-0.091349,-0.23947,0.42379,0.2996,-0.12508,0.093848,0.093899,0.65266,0.48952,0.4932,0.51136,0.11303,-0.34852,-0.54984,0.14721,0.62916,0.32182,0.40537,0.2748
0.41325,-0.091481,-0.24392,0.43491,0.2996,-0.10326,0.015937,0.087666,0.66484,0.50411,0.5026,0.52252,0.13866,-0.32002,-0.57364,0.17703,0.64494,0.30761,0.40809,0.26312
0.41734,-0.096003,-0.2617,0.4497,0.2996,-0.092885,-0.043175,0.081921,0.67813,0.51683,0.50982,0.53281,0.17053,-0.30072,-0.61563,0.21232,0.65619,0.2929,0.40808,0.26702
0.42434,-0.10306,-0.28839,0.46314,0.2996,-0.092885,-0.074819,0.054579,0.68977,0.52493,0.51184,0.53963,0.20184,-0.29468,-0.67599,0.24409,0.66273,0.28136,0.40221,0.28548
0.42881,-0.11214,-0.3166,0.4674,0.30044,-0.092885,-0.056345,-0.00086893,0.69724,0.52681,0.5108,0.54501,0.22746,-0.30163,-0.74653,0.26276,0.66491,0.27933,0.38969,0.31339
0.42767,-0.12332,-0.33934,0.45615,0.29583,-0.09968,-0.02925,-0.040061,0.69923,0.52165,0.51208,0.55116,0.24455,-0.31814,-0.81236,0.26162,0.66383,0.28991,0.37249,0.34515
0.42247,-0.13541,-0.35282,0.42856,0.25673,-0.14304,0.015066,-0.0020225,0.69748,0.5091,0.51995,0.5584,0.25475,-0.33804,-0.85828,0.24036,0.66195,0.30861,0.3543,0.37778
0.41611,-0.14657,-0.35802,0.39077,0.20064,-0.18183,0.039185,0.052879,0.69515,0.48999,0.53348,0.56592,0.26107,-0.35664,-0.8775,0.20683,0.66233,0.32605,0.33846,0.40944
0.41147,-0.15598,-0.358,0.35417,0.13435,-0.19508,0.040615,0.090582,0.69483,0.46643,0.54798,0.5718,0.26693,-0.37165,-0.8776,0.17522,0.66505,0.33498,0.32781,0.43724
0.4106,-0.16509,-0.3551,0.33128,0.10943,-0.18988,0.040615,0.11785,0.69648,0.44242,0.55948,0.57425,0.27594,-0.38453,-0.85994,0.16083,0.66753,0.33382,0.32281,0.45765
0.41326,-0.17893,-0.35189,0.32642,0.10943,-0.15277,0.040615,0.11848,0.69917,0.42286,0.56676,0.57265,0.28808,-0.40146,-0.8262,0.16758,0.66622,0.32571,0.32267,0.468
0.41844,-0.20461,-0.3502,0.33432,0.10943,-0.12287,0.058358,0.11848,0.70209,0.41051,0.5719,0.56779,0.30248,-0.42691,-0.77933,0.18757,0.65934,0.31586,0.32703,0.46888
0.42301,-0.24633,-0.35066,0.34597,0.081698,-0.11409,0.082165,0.11848,0.70425,0.40418,0.57721,0.56071,0.31526,-0.4654,-0.72899,0.20808,0.64782,0.30885,0.33789,0.46504
0.42204,-0.30383,-0.35371,0.35395,0.075702,-0.10541,0.11257,0.11848,0.7036,0.39914,0.58193,0.55286,0.32063,-0.51858,-0.68801,0.21939,0.63564,0.30749,0.35643,0.46444
0.40926,-0.37047,-0.35903,0.3532,0.075702,-0.061171,0.1281,0.11848,0.6979,0.39088,0.58232,0.54583,0.31257,-0.58763,-0.66396,0.21632,0.62823,0.31302,0.37988,0.47404
0.3802,-0.43428,-0.36611,0.34002,0.072569,0.0001788,0.12674,0.11848,0.68656,0.37708,0.57568,0.542,0.28627,-0.67147,-0.65595,0.1949,0.62907,0.32583,0.40264,0.49404
0.3359,-0.48171,-0.37349,0.31378,0.052641,0.070214,0.11648,0.11848,0.67125,0.35806,0.56341,0.54424,0.24273,-0.76288,-0.65537,0.15529,0.63688,0.34465,0.41995,0.51774
0.28609,-0.50286,-0.37977,0.27712,0.046109,0.11383,0.13423,0.11848,0.65461,0.33549,0.55097,0.55374,0.18995,-0.84857,-0.65472,0.10026,0.64641,0.36556,0.43149,0.53592
0.25227,-0.49561,-0.38423,0.23722,0.11427,0.15862,0.1476,0.11848,0.63839,0.31113,0.54353,0.56763,0.14628,-0.90503,-0.65073,0.040096,0.65153,0.38316,0.44077,0.54231
0.25662,-0.46585,-0.38668,0.20511,0.1335,0.18802,0.1476,0.11787,0.62273,0.28849,0.5409,0.58073,0.13157,-0.91962,-0.64478,-0.011126,0.64838,0.3921,0.45168,0.53721
0.29949,-0.42454,-0.38656,0.18955,0.11249,0.19207,0.1476,0.10889,0.60726,0.27197,0.53721,0.58961,0.15199,-0.9,-0.63797,-0.041203,0.63643,0.39062,0.46506,0.52618
0.35734,-0.3816,-0.38273,0.19208,0.11873,0.19322,0.1476,0.10341,0.59104,0.26487,0.52674,0.59484,0.19128,-0.86441,-0.6302,-0.048191,0.61824,0.38188,0.47822,0.51427
0.40547,-0.34653,-0.37492,0.20611,0.12633,0.20487,0.1476,0.12592,0.57346,0.26618,0.50881,0.59921,0.22634,-0.83345,-0.62047,-0.040973,0.59739,0.37304,0.48711,0.5023
0.43291,-0.32105,-0.36469,0.2203,0.1327,0.20487,0.1476,0.12755,0.55388,0.27078,0.48753,0.60594,0.24366,-0.81291,-0.61004,-0.033757,0.57849,0.36998,0.48824,0.48874
0.43914,-0.30239,-0.3582,0.22265,0.13368,0.20487,0.1476,0.13354,0.53298,0.27159,0.46726,0.61674,0.23753,-0.8003,-0.60612,-0.043413,0.56444,0.37307,0.48097,0.47457
0.43574,-0.28481,-0.35873,0.22394,0.14346,0.20487,0.1476,0.1091,0.51303,0.26308,0.44979,0.63173,0.21663,-0.78106,-0.6148,-0.060816,0.55552,0.37774,0.46744,0.46602
0.47273,-0.26373,-0.35801,0.31098,0.14346,0.20487,0.1476,0.081899,0.4964,0.24363,0.43259,0.64978,0.25275,-0.74884,-0.61471,0.086729,0.54975,0.37817,0.45056,0.4709
0.63486,-0.23269,-0.31995,0.58994,0.14346,0.20487,0.1476,0.11667,0.48398,0.21635,0.41205,0.66838,0.46836,-0.68793,-0.54377,0.47985,0.54533,0.3711,0.43026,0.48975
0.94385,-0.18567,-0.20703,0.99046,0.19403,0.20487,0.1476,0.14159,0.47959,0.18676,0.38606,0.68621,0.84314,-0.59051,-0.36225,0.94323,0.54103,0.35637,0.40334,0.51621
1.2647,-0.1213,-0.036445,1.3478,0.3168,0.20487,0.13695,0.15,0.4881,0.15816,0.35489,0.70099,1.1986,-0.46507,-0.13152,1.3224,0.53442,0.33531,0.36644,0.54136
1.5231,-0.046926,0.13884,1.6186,0.44601,0.20487,0.088178,0.14673,0.51133,0.13039,0.31948,0.71076,1.4731,-0.33293,0.077977,1.6014,0.52292,0.30747,0.32004,0.55992
1.7085,0.028596,0.28345,1.8085,0.50155,0.19022,0.0078304,0.13654,0.54425,0.10067,0.28083,0.71452,1.6665,-0.20775,0.23886,1.7949,0.50618,0.2702,0.26925,0.57186
1.7381,0.099519,0.38494,1.838,0.50155,0.14336,-0.068428,0.12461,0.54783,0.067793,0.24167,0.71737,1.6963,-0.095303,0.34632,1.8247,0.48512,0.22221,0.22078,0.56942
1.7693,0.17112,0.45657,1.8697,0.49927,0.11112,-0.12915,0.12223,0.55103,0.038123,0.21278,0.72057,1.728,0.01222,0.41675,1.8567,0.4699,0.17124,0.1818,0.57243
1.8023,0.25087,0.53926,1.9038,0.48863,0.083286,-0.12384,0.12223,0.55428,0.035556,0.23054,0.72491,1.7617,0.12037,0.48708,1.8911,0.46351,0.15986,0.17062,0.58163
1.8373,0.35124,0.68621,1.9409,0.48663,0.13584,-0.062331,0.12223,0.55832,0.10012,0.32932,0.73028,1.7979,0.23961,0.61323,1.9284,0.46443,0.25052,0.21826,0.59314
1.8754,0.46719,0.88384,1.9815,0.48663,0.27381,0.0051283,0.12223,0.56359,0.23324,0.48099,0.73607,1.8374,0.36613,0.79457,1.9694,0.4684,0.42421,0.32737,0.60323
1.9181,0.57922,1.0748,2.0265,0.48663,0.4073,0.060109,0.11447,0.57035,0.38885,0.62781,0.74175,1.8813,0.48279,0.97892,2.0148,0.4728,0.60164,0.45773,0.61314
1.9669,0.66911,1.2243,2.0769,0.48663,0.44999,0.081876,0.098524,0.58097,0.525,0.73811,0.74765,1.931,0.57435,1.1274,2.0656,0.47862,0.73871,0.57058,0.62831
2.0233,0.72856,1.3243,2.1344,0.48663,0.45322,0.094543,0.098524,0.59889,0.62601,0.80694,0.75464,1.988,0.63419,1.2286,2.1234,0.48981,0.82763,0.65082,0.65293
2.0889,0.76003,1.3812,2.2005,0.48446,0.45322,0.099701,0.091547,0.62608,0.69279,0.84327,0.76223,2.0543,0.66503,1.2869,2.19,0.51053,0.87639,0.69994,0.68492
2.1643,0.77166,1.4071,2.276,0.48446,0.45322,0.099701,0.01974,0.66214,0.73403,0.8613,0.76789,2.1305,0.67605,1.3139,2.2659,0.54009,0.8993,0.72721,0.71639
2.2474,0.7725,1.4154,2.3586,0.48446,0.45322,0.099701,-0.030136,0.70707,0.7616,0.87398,0.77026,2.2146,0.67639,1.3225,2.349,0.57224,0.91025,0.74298,0.74163
2.2474,0.76821,1.4158,2.3586,0.48446,0.45322,0.11761,-0.030136,0.70707,0.78649,0.88742,0.77026,2.2146,0.67167,1.3224,2.349,0.57224,0.91827,0.75405,0.74163
2.2474,0.76045,1.4119,2.3586,0.48446,0.45322,0.11849,-0.030136,0.70707,0.81468,0.90128,0.77026,2.2146,0.66361,1.3174,2.349,0.57224,0.92621,0.763,0.74163
2.2474,0.74975,1.4049,2.3586,0.48446,0.45322,0.11849,-0.030136,0.70707,0.84669,0.91418,0.77026,2.2146,0.65211,1.3086,2.349,0.57224,0.93489,0.771,0.74163
2.2474,0.73678,1.396,2.3586,0.48446,0.45322,0.11849,-0.030136,0.70707,0.87837,0.92521,0.77026,2.2146,0.63682,1.2976,2.349,0.57224,0.94465,0.77868,0.74163
2.2474,0.7224,1.3875,2.3586,0.48446,0.45322,0.11849,-0.030136,0.70707,0.90464,0.93396,0.77026,2.2146,0.61827,1.2872,2.349,0.57224,0.9554,0.78604,0.74163
2.2474,0.70523,1.3799,2.3586,0.48446,0.45322,0.11849,-0.030136,0.70707,0.92288,0.94,0.77026,2.2146,0.59466,1.2785,2.349,0.57224,0.96554,0.79205,0.74163
2.2474,0.68215,1.369,2.3586,0.48446,0.45322,0.11516,-0.030136,0.70707,0.93165,0.93912,0.77026,2.2146,0.56301,1.2679,2.349,0.57224,0.96919,0.7928,0.74163
0.50894,0.6456,1.3424,0.617,-0.056621,0.45322,0.10806,0.33161,0.59683,0.92833,0.92416,0.64225,-0.073712,0.51533,1.2429,0.34911,0.44397,0.95556,0.7807,0.50668
0.50591,0.59955,1.2833,0.59258,0.0042382,0.45322,0.10008,0.33161,0.58127,0.90955,0.88971,0.63367,0.01346,0.4515,1.1864,0.29751,0.42855,0.91385,0.74884,0.52959
0.49731,0.57486,1.1751,0.55833,0.079081,0.43917,0.051029,0.33161,0.58737,0.87354,0.83789,0.62793,0.074139,0.40134,1.0813,0.23788,0.42282,0.83897,0.69623,0.54949
0.48251,0.61266,1.0031,0.52011,0.2182,0.42714,-0.025442,0.33161,0.61265,0.82369,0.78165,0.62691,0.10136,0.4187,0.91201,0.18017,0.42654,0.73693,0.6303,0.56451
0.46477,0.70871,0.75731,0.48145,0.3012,0.50953,-0.10866,0.3364,0.64683,0.76916,0.73992,0.63337,0.10321,0.51321,0.66706,0.12889,0.43719,0.62894,0.56559,0.57824
0.44811,0.81459,0.44132,0.44357,0.32835,0.53595,-0.11847,0.35235,0.67817,0.72121,0.72325,0.64705,0.091413,0.62936,0.34488,0.084085,0.45118,0.54601,0.51506,0.5939
0.43339,0.8954,0.10775,0.40831,0.36289,0.53595,-0.14072,0.35775,0.69944,0.68699,0.72507,0.6637,0.074395,0.72093,-0.012626,0.045466,0.46386,0.5036,0.48313,0.6108
0.4195,0.94237,-0.11962,0.37732,0.37593,0.53595,-0.17952,0.35838,0.70947,0.66461,0.73235,0.67783,0.057086,0.77586,-0.28289,0.014293,0.47369,0.49041,0.46688,0.62512
0.40493,0.96316,-0.20908,0.3536,0.37947,0.53595,-0.18532,0.35838,0.71117,0.64604,0.73876,0.6863,0.042157,0.8015,-0.40295,-0.0031991,0.48203,0.48825,0.46605,0.63341
0.39171,0.97066,-0.2342,0.34145,0.37947,0.53595,-0.20633,0.35838,0.70817,0.62434,0.74514,0.68935,0.034125,0.81157,-0.43835,0.0013162,0.49182,0.48918,0.48111,0.63477
0.38307,0.9746,-0.23858,0.3455,0.37947,0.53595,-0.2092,0.35838,0.70305,0.59581,0.75206,0.68937,0.037384,0.81702,-0.43846,0.032374,0.50246,0.48875,0.50599,0.63042
0.3808,0.97811,-0.23789,0.36721,0.37947,0.53595,-0.15065,0.35838,0.69675,0.5629,0.75904,0.68831,0.05265,0.82197,-0.42827,0.08417,0.51079,0.48319,0.53146,0.62258
0.36989,0.98148,-0.23366,0.38437,0.37947,0.53595,-0.09399,0.19434,0.68845,0.53292,0.76536,0.68493,0.083311,0.82694,-0.41781,0.11723,0.51332,0.46998,0.55116,0.61938
0.36381,0.98366,-0.22572,0.41059,0.37947,0.53595,-0.043662,0.029178,0.68419,0.51178,0.77036,0.68368,0.11973,0.83072,-0.41105,0.14873,0.51387,0.44971,0.56279,0.6157
0.35962,0.98387,-0.21312,0.44056,0.37947,0.53595,-0.013543,-0.041448,0.68386,0.49979,0.7739,0.68138,0.14851,0.83236,-0.40536,0.17329,0.51475,0.42654,0.56701,0.61021
0.35847,0.98128,-0.19415,0.47352,0.37947,0.53595,-0.012648,-0.013298,0.68615,0.49229,0.77446,0.67733,0.16455,0.83101,-0.39473,0.1949,0.52127,0.4082,0.56586,0.60224
0.36353,0.97041,-0.16767,0.50874,0.37947,0.53595,-0.029493,0.020042,0.68875,0.48428,0.76957,0.67261,0.17468,0.82183,-0.37411,0.22375,0.53846,0.40001,0.56114,0.59258
0.37563,0.93975,-0.13637,0.54312,0.37947,0.53595,-0.029706,0.032623,0.68821,0.47408,0.75745,0.66741,0.1864,0.7937,-0.34425,0.26147,0.56703,0.40097,0.55465,0.58203
0.39093,0.87489,-0.10627,0.57386,0.37947,0.53595,-0.032707,0.032623,0.68223,0.46176,0.73836,0.66001,0.20229,0.73172,-0.31378,0.30428,0.60074,0.40464,0.54964,0.57002
0.40442,0.76339,-0.083649,0.60023,0.35779,0.51119,-0.031413,0.032623,0.67113,0.44865,0.71567,0.64802,0.21764,0.62192,-0.29006,0.34718,0.63076,0.40515,0.54878,0.5535
0.4141,0.59969,-0.072248,0.62283,0.29857,0.40405,0.010494,0.030007,0.6579,0.43665,0.69374,0.63085,0.22829,0.45573,-0.27735,0.38604,0.65117,0.40068,0.55362,0.52882
0.42078,0.39313,-0.073109,0.64207,0.374,0.20007,0.041144,0.025846,0.64603,0.42637,0.67568,0.61124,0.23407,0.23583,-0.27525,0.41908,0.6621,0.39257,0.56202,0.49541
0.42768,0.18651,-0.083573,0.65921,0.40051,0.041394,0.051638,0.022666,0.63671,0.41632,0.66118,0.59419,0.23977,-0.0056364,-0.28166,0.44745,0.66741,0.38207,0.56968,0.45717
0.43906,0.047914,-0.098242,0.67478,0.37358,-0.046896,0.058572,0.022666,0.6293,0.40401,0.64789,0.58448,0.25273,-0.19613,-0.29297,0.47178,0.67164,0.36867,0.57151,0.42152
0.45707,-0.0092149,-0.11011,0.69026,0.33937,-0.083321,0.058572,0.022666,0.62409,0.38823,0.63479,0.58338,0.27732,-0.29418,-0.30367,0.49389,0.67631,0.35275,0.56528,0.39686
0.47961,-0.037878,-0.11376,0.70385,0.33892,-0.10842,0.058419,0.022666,0.62285,0.37106,0.62283,0.5884,0.31076,-0.35097,-0.30979,0.51135,0.68243,0.33767,0.55282,0.38883
0.50169,-0.066424,-0.10974,0.71208,0.33892,-0.12266,0.046149,0.022666,0.62635,0.3568,0.61311,0.5972,0.34423,-0.40808,-0.30931,0.52012,0.69185,0.32897,0.53804,0.39648
0.51961,-0.097843,-0.10369,0.71291,0.33892,-0.13883,0.02394,0.022666,0.63201,0.34913,0.60408,0.60963,0.3702,-0.47271,-0.30493,0.52131,0.7052,0.32916,0.5245,0.41506
0.53218,-0.11835,-0.1025,0.70681,0.33892,-0.15161,0.014748,0.022666,0.63512,0.34853,0.59206,0.62688,0.38869,-0.5154,-0.30153,0.52083,0.72002,0.33503,0.51381,0.43954
0.5432,-0.12114,-0.11017,0.69804,0.33892,-0.15596,0.014748,0.022666,0.63222,0.35338,0.57262,0.64772,0.40619,-0.51057,-0.3023,0.52764,0.73221,0.33943,0.5057,0.46615
0.55575,-0.11208,-0.12708,0.69082,0.33892,-0.15923,0.01213,0.018803,0.62229,0.36279,0.54452,0.66769,0.42663,-0.46993,-0.30957,0.54427,0.73785,0.33542,0.49922,0.49205
0.57028,-0.10196,-0.15217,0.68702,0.33892,-0.14745,0.0083931,-0.035567,0.6067,0.37835,0.51125,0.68426,0.44808,-0.421,-0.32422,0.56427,0.73538,0.32074,0.49401,0.51488
0.58375,-0.097805,-0.18342,0.68507,0.33892,-0.13539,-0.00087889,-0.088343,0.58886,0.40095,0.48054,0.69834,0.46537,-0.38608,-0.34683,0.57974,0.72567,0.29908,0.48994,0.53427
0.59415,-0.098804,-0.21868,0.68244,0.33892,-0.12475,-0.021627,-0.1166,0.57387,0.42817,0.46104,0.71411,0.47678,-0.36598,-0.3762,0.58599,0.71188,0.27749,0.48657,0.55133
0.60107,-0.10093,-0.25501,0.6765,0.33892,-0.11482,-0.015122,-0.10105,0.5664,0.45449,0.45505,0.73472,0.48465,-0.35426,-0.40862,0.58211,0.69827,0.26228,0.48424,0.56805
0.60396,-0.10309,-0.28846,0.66644,0.33892,-0.11482,-0.0085551,-0.088903,0.56926,0.47492,0.45713,0.75846,0.49096,-0.34804,-0.44039,0.57047,0.68858,0.25477,0.48406,0.58513
0.60406,-0.10651,-0.3163,0.65301,0.32833,-0.099263,0.0007979,-0.036558,0.58136,0.48706,0.45915,0.77991,0.49663,-0.34607,-0.47004,0.55426,0.68461,0.25406,0.48699,0.60103
0.60318,-0.11249,-0.34058,0.63748,0.27543,-0.089187,-0.00091216,-0.017728,0.59862,0.49119,0.45687,0.79417,0.50048,-0.34997,-0.4999,0.53531,0.68475,0.25849,0.49231,0.61342
0.60233,-0.12107,-0.36484,0.62062,0.17433,-0.10109,-0.043835,-0.023979,0.61523,0.48859,0.45047,0.79876,0.49889,-0.35791,-0.53291,0.51388,0.68485,0.26696,0.49688,0.62139
0.60067,-0.13236,-0.39171,0.6004,0.083495,-0.154,-0.10433,-0.021687,0.6264,0.48017,0.44104,0.7941,0.48815,-0.36979,-0.5693,0.48712,0.68054,0.27634,0.49764,0.62561
0.59776,-0.14642,-0.42227,0.5765,0.12117,-0.2259,-0.14054,-0.021687,0.63035,0.46674,0.42957,0.7824,0.46717,-0.38271,-0.60798,0.45476,0.66908,0.28157,0.49393,0.62764
0.59436,-0.16463,-0.45047,0.55048,0.16701,-0.22934,-0.15774,-0.020588,0.62974,0.4499,0.41705,0.76596,0.43973,-0.39705,-0.6412,0.42029,0.64936,0.27848,0.48903,0.6296
0.59261,-0.19058,-0.46711,0.52305,0.20207,-0.21355,-0.16864,0.013101,0.6299,0.43203,0.40689,0.74596,0.41238,-0.41945,-0.65993,0.38554,0.62287,0.2674,0.48794,0.63262
0.59317,-0.22799,-0.46347,0.49359,0.20668,-0.20586,-0.14847,0.037928,0.63541,0.41578,0.40291,0.72261,0.38862,-0.45705,-0.66185,0.34897,0.59397,0.25416,0.49331,0.63536
0.59074,-0.27692,-0.44126,0.45719,0.20155,-0.20586,-0.10491,0.053167,0.64679,0.40302,0.40574,0.69684,0.36404,-0.51782,-0.65435,0.30372,0.56732,0.24701,0.50357,0.63438
0.58111,-0.33125,-0.40984,0.40972,0.19376,-0.20586,-0.049016,0.070777,0.66292,0.39291,0.41263,0.67211,0.33443,-0.59931,-0.64634,0.24374,0.54482,0.25079,0.51429,0.6262
0.56586,-0.37843,-0.37742,0.35188,0.19198,-0.20586,-0.041552,0.11546,0.68213,0.3818,0.41933,0.65202,0.30392,-0.69034,-0.63955,0.17022,0.52515,0.26232,0.52134,0.61077
0.55325,-0.40667,-0.34434,0.29232,0.19782,-0.21447,-0.041552,0.15722,0.70192,0.36505,0.42144,0.63742,0.28495,-0.76594,-0.62386,0.09382,0.50579,0.27336,0.52175,0.59139
0.55309,-0.41279,-0.30474,0.24355,0.20567,-0.23101,-0.041552,0.20678,0.71739,0.34105,0.41428,0.62381,0.28901,-0.80847,-0.58541,0.030227,0.48566,0.27755,0.51422,0.57371
0.56743,-0.40229,-0.25766,0.21648,0.20861,-0.23392,-0.052367,0.24622,0.72345,0.31234,0.39548,0.60395,0.31442,-0.81206,-0.52642,-0.007067,0.46658,0.27395,0.49864,0.56358
0.59149,-0.38014,-0.20792,0.21447,0.21048,-0.23885,-0.067701,0.26462,0.71706,0.28517,0.36661,0.57454,0.35147,-0.77937,-0.46422,-0.012051,0.45141,0.26673,0.47607,0.5639
0.6181,-0.34666,-0.16358,0.23412,0.21162,-0.24694,-0.092181,0.26462,0.69986,0.26621,0.33363,0.53985,0.39037,-0.71353,-0.41483,0.011506,0.44032,0.26134,0.44743,0.57349
0.64307,-0.30242,-0.13099,0.27085,0.20249,-0.2203,-0.12189,0.25887,0.67741,0.25821,0.30223,0.50989,0.427,-0.62655,-0.38648,0.056863,0.43127,0.2618,0.41513,0.58788
0.66474,-0.2528,-0.11155,0.31903,0.18994,-0.15564,-0.13759,0.27308,0.65602,0.25952,0.27506,0.49355,0.46089,-0.53693,-0.37937,0.11432,0.42258,0.26782,0.38324,0.60179
0.68148,-0.2069,-0.10366,0.36913,0.18936,-0.12378,-0.13759,0.29189,0.63905,0.26639,0.25134,0.4908,0.49058,-0.46163,-0.38986,0.17163,0.41548,0.27634,0.35687,0.61167
0.69109,-0.17032,-0.10464,0.41067,0.17607,-0.12128,-0.13759,0.31108,0.62683,0.27468,0.23008,0.49538,0.51346,-0.40708,-0.41294,0.21905,0.4117,0.2837,0.33903,0.61505
0.69253,-0.14314,-0.11194,0.43636,0.17461,-0.12128,-0.13759,0.31113,0.6191,0.28091,0.21297,0.5014,0.52804,-0.3715,-0.44269,0.25056,0.41221,0.28761,0.32893,0.61056
0.68663,-0.12351,-0.12221,0.44745,0.18936,-0.12128,-0.13759,0.31113,0.61595,0.28285,0.20144,0.50736,0.53519,-0.3506,-0.47013,0.26863,0.41719,0.28762,0.32311,0.5981
0.67619,-0.10993,-0.13242,0.44968,0.20511,-0.13372,-0.13759,0.31138,0.61677,0.27987,0.19596,0.51378,0.53774,-0.34072,-0.48404,0.27827,0.42668,0.28395,0.31815,0.5808
0.66521,-0.10188,-0.14138,0.44989,0.16805,-0.16138,-0.11641,0.32248,0.61991,0.27297,0.19732,0.52171,0.53724,-0.33873,-0.47908,0.28235,0.44028,0.27617,0.31185,0.56446
0.65586,-0.099275,-0.14866,0.45313,0.13778,-0.15588,-0.12192,0.34827,0.62143,0.2647,0.20479,0.53073,0.53395,-0.34053,-0.46029,0.28392,0.45537,0.26404,0.30322,0.55524
0.64602,-0.10135,-0.15658,0.45878,0.12072,-0.14704,-0.16777,0.37377,0.61702,0.25819,0.21527,0.53832,0.52373,-0.34432,-0.44075,0.28237,0.46701,0.24972,0.29148,0.55481
0.63326,-0.10584,-0.16903,0.46449,0.13024,-0.14537,-0.22889,0.38637,0.60467,0.25638,0.22516,0.54182,0.50486,-0.34872,-0.43363,0.27661,0.4704,0.23826,0.27717,0.56024
0.61557,-0.10879,-0.19115,0.46821,0.15593,-0.14537,-0.26964,0.39749,0.58627,0.25989,0.23394,0.54089,0.47813,-0.35115,-0.44913,0.26796,0.46417,0.23367,0.26289,0.5655
0.59419,-0.10711,-0.22407,0.46945,0.20794,-0.13679,-0.27482,0.39746,0.56605,0.26701,0.2444,0.53833,0.44863,-0.3491,-0.48612,0.25893,0.44976,0.23562,0.25295,0.56458
0.57174,-0.10009,-0.26631,0.46731,0.28602,-0.071698,-0.25893,0.38661,0.54789,0.27477,0.26005,0.53767,0.42181,-0.34107,-0.53466,0.24937,0.42995,0.23895,0.25082,0.5542
0.5498,-0.091024,-0.31375,0.45992,0.35342,-0.015647,-0.20793,0.38682,0.53328,0.28038,0.28103,0.53979,0.39911,-0.33149,-0.58071,0.23584,0.40715,0.23631,0.25884,0.53449
0.52573,-0.086179,-0.35979,0.44192,0.38657,0.0087761,-0.17036,0.4067,0.52151,0.28295,0.30376,0.54185,0.3755,-0.32998,-0.61247,0.21142,0.38427,0.22181,0.27532,0.50914
0.49479,-0.089608,-0.40008,0.40769,0.38865,0.015865,-0.15453,0.4067,0.51262,0.28391,0.32395,0.54078,0.34335,-0.34544,-0.62865,0.1695,0.36443,0.19394,0.29599,0.48309
0.45665,-0.097126,-0.42868,0.35603,0.41431,0.0058525,-0.15453,0.4067,0.50788,0.28572,0.34048,0.5386,0.30103,-0.37693,-0.63199,0.10902,0.35071,0.15684,0.31649,0.45856
0.4175,-0.10021,-0.43184,0.29404,0.44761,-0.027064,-0.14743,0.4067,0.50654,0.29145,0.35403,0.54032,0.25481,-0.41207,-0.61668,0.036236,0.34493,0.1217,0.33525,0.43598
0.38942,-0.086741,-0.38242,0.23888,0.49325,-0.08065,-0.14108,0.38868,0.50395,0.30284,0.36488,0.55027,0.21916,-0.42554,-0.56252,-0.034065,0.34644,0.10349,0.35149,0.41554
0.38206,-0.049137,-0.27304,0.20762,0.56012,-0.1209,-0.14108,0.44921,0.4959,0.31965,0.37193,0.56818,0.2066,-0.39229,-0.46001,-0.090605,0.35248,0.11177,0.36658,0.39985
0.3935,0.0066824,-0.13674,0.20747,0.62051,-0.11644,-0.12756,0.54453,0.48528,0.33882,0.37353,0.59062,0.21484,-0.3198,-0.33508,-0.12983,0.35907,0.14187,0.38458,0.391
0.41256,0.0639,-0.012304,0.23189,0.67057,-0.085585,-0.10358,0.60624,0.4864,0.35554,0.36989,0.61231,0.23183,-0.23878,-0.21985,-0.15157,0.36388,0.17981,0.41041,0.38875
0.42968,0.10979,0.080781,0.26697,0.72058,-0.04569,-0.094135,0.61541,0.51617,0.36511,0.36405,0.62929,0.24657,-0.17282,-0.1349,-0.16238,0.36731,0.2129,0.4445,0.3902
0.44309,0.14006,0.14096,0.30336,0.73257,-0.011363,-0.082792,0.61541,0.57673,0.36483,0.36047,0.64017,0.25932,-0.12573,-0.081219,-0.15614,0.37252,0.23477,0.48178,0.39214
0.45511,0.15754,0.17597,0.33568,0.73522,0.0072737,-0.080073,0.61541,0.65078,0.35509,0.36255,0.64577,0.27469,-0.09179,-0.051963,-0.12605,0.38364,0.24445,0.51576,0.39253
0.46671,0.16656,0.1968,0.36318,0.73522,0.012644,-0.069005,0.61541,0.71928,0.33914,0.37291,0.64907,0.29248,-0.06618,-0.035405,-0.074759,0.40187,0.24556,0.54252,0.39201
0.47474,0.16892,0.2113,0.38755,0.73522,0.012644,-0.029159,0.61167,0.77342,0.32231,0.39385,0.653,0.30504,-0.049733,-0.023653,-0.01292,0.42468,0.24282,0.56273,0.39304
0.47479,0.16588,0.22356,0.40925,0.73522,0.012644,0.069129,0.60942,0.81356,0.30942,0.42497,0.6577,0.30309,-0.04319,-0.011829,0.043039,0.44878,0.23975,0.57851,0.3986
0.46523,0.15997,0.23581,0.42749,0.73522,0.023969,0.14727,0.60631,0.84427,0.30138,0.46199,0.66116,0.28426,-0.042899,0.0022922,0.084902,0.47147,0.23858,0.59094,0.40985
0.45036,0.15907,0.24891,0.44086,0.72717,0.013952,0.19781,0.60362,0.86939,0.29556,0.49879,0.66159,0.25365,-0.037733,0.019047,0.10958,0.49063,0.23882,0.59937,0.42503
0.43866,0.17181,0.26312,0.45005,0.71248,0.0039286,0.27328,0.60369,0.88999,0.28798,0.53045,0.66012,0.22478,-0.013438,0.037338,0.1213,0.50484,0.23913,0.60413,0.44022
0.43629,0.19826,0.27721,0.45812,0.69553,-0.012217,0.34949,0.60369,0.9063,0.27579,0.55465,0.65886,0.20815,0.031297,0.054318,0.12822,0.51384,0.23832,0.60641,0.4521
0.44451,0.23008,0.28723,0.46598,0.68717,-0.021846,0.3833,0.60481,0.91855,0.25683,0.57175,0.65829,0.20683,0.084083,0.065473,0.13436,0.51848,0.23442,0.60719,0.45952
0.45881,0.25568,0.28787,0.47225,0.68717,-0.021846,0.38642,0.60481,0.92801,0.2297,0.58338,0.65612,0.21505,0.12959,0.065773,0.13989,0.51966,0.22303,0.60642,0.46276
0.47248,0.26699,0.2747,0.47655,0.68717,-0.021846,0.38642,0.60481,0.9353,0.19422,0.59106,0.64958,0.22197,0.15808,0.051099,0.14585,0.51821,0.19791,0.60155,0.46198
0.48062,0.26396,0.24545,0.47854,0.68588,-0.024902,0.38642,0.60481,0.93931,0.15327,0.59597,0.63782,0.22174,0.16962,0.019084,0.15188,0.5146,0.15482,0.58884,0.45717
0.48265,0.25418,0.20363,0.4776,0.6734,-0.029951,0.38642,0.60198,0.93594,0.11281,0.59837,0.62272,0.21499,0.17076,-0.02814,0.15776,0.51008,0.094711,0.56496,0.44884
0.48032,0.24595,0.15706,0.47262,0.64467,-0.062877,0.38642,0.55197,0.91987,0.079572,0.59791,0.6068,0.20538,0.16823,-0.0818,0.16336,0.50742,0.024914,0.5294,0.43793
0.47565,0.24319,0.11633,0.46454,0.5608,-0.10872,0.38642,0.45609,0.88772,0.058353,0.59438,0.59171,0.19583,0.1647,-0.13084,0.16781,0.5091,-0.042558,0.48603,0.42556
0.4684,0.24388,0.088455,0.45484,0.44152,-0.11741,0.38642,0.3577,0.84082,0.049588,0.58823,0.57872,0.18303,0.15923,-0.16627,0.16669,0.51448,-0.09673,0.44117,0.41167
0.45748,0.24381,0.074884,0.44464,0.3578,-0.10093,0.38642,0.30478,0.78572,0.051183,0.57898,0.56741,0.16069,0.15045,-0.18873,0.15319,0.52014,-0.13482,0.40024,0.39563
0.44522,0.24185,0.074338,0.43351,0.31975,-0.091205,0.38642,0.28631,0.73161,0.058223,0.56431,0.55681,0.12952,0.14004,-0.20309,0.12242,0.52255,-0.16018,0.3638,0.3757
0.43648,0.2393,0.083239,0.42091,0.31703,-0.11812,0.38642,0.33064,0.68527,0.063748,0.5418,0.5459,0.097153,0.13072,-0.21529,0.077627,0.51966,-0.17653,0.32943,0.35117
0.43612,0.23628,0.095393,0.40669,0.29663,-0.15356,0.37734,0.40458,0.64655,0.062906,0.51149,0.53434,0.075217,0.12239,-0.22882,0.027973,0.51238,-0.18778,0.29476,0.32294
0.44478,0.22922,0.10663,0.39334,0.27327,-0.21789,0.34434,0.44448,0.61137,0.054394,0.47721,0.52287,0.072169,0.11154,-0.24114,-0.013058,0.50364,-0.19449,0.25937,0.29406
0.45816,0.21219,0.11435,0.38228,0.27007,-0.29335,0.29366,0.43207,0.57801,0.041053,0.4444,0.51094,0.083407,0.090822,-0.24775,-0.038442,0.49603,-0.19653,0.22184,0.26916
0.46997,0.18247,0.1201,0.37238,0.2896,-0.34357,0.26264,0.42174,0.54636,0.027425,0.41624,0.49735,0.097994,0.056156,-0.24267,-0.052169,0.49031,-0.19628,0.17985,0.25199
0.48413,0.1473,0.13578,0.36461,0.31109,-0.29379,0.24245,0.4332,0.5189,0.016625,0.39195,0.48283,0.11755,0.011985,-0.2135,-0.057831,0.48572,-0.19828,0.13094,0.2451
0.5308,0.12926,0.17891,0.36819,0.33242,-0.23686,0.1969,0.48062,0.49547,0.0076749,0.36923,0.47273,0.16104,-0.023627,-0.14582,-0.055088,0.48305,-0.20557,0.075956,0.25275
0.68769,0.18369,0.29336,0.40651,0.35555,-0.10822,0.13917,0.54842,0.47646,-0.001661,0.34812,0.47972,0.35418,0.0030275,0.0094078,-0.029691,0.48305,-0.21796,0.020581,0.28209
0.96015,0.33713,0.48855,0.51527,0.40556,-0.0021224,0.067254,0.64062,0.46159,-0.012666,0.32987,0.51556,0.69209,0.13925,0.25796,0.082421,0.48602,-0.23189,-0.027447,0.3347
1.2563,0.53255,0.70655,0.68533,0.44749,0.036862,0.028442,0.74829,0.45409,-0.022042,0.31528,0.57749,1.0539,0.33918,0.52212,0.29782,0.48972,-0.24222,-0.062663,0.40041
1.5065,0.70754,0.89518,0.86485,0.45437,0.046752,0.010797,0.83502,0.45604,-0.023413,0.30389,0.64892,1.3506,0.52873,0.74315,0.53734,0.49022,-0.24407,-0.084759,0.46354
1.6928,0.83692,1.034,1.0131,0.45437,0.05344,0.0084847,0.87041,0.46565,-0.015221,0.29499,0.71307,1.5676,0.67306,0.90331,0.73514,0.48404,-0.23559,-0.1003,0.51338
1.819,0.91941,1.1233,1.1159,0.4537,0.05344,-0.0052057,0.8727,0.47961,-0.0039098,0.28754,0.76286,1.714,0.76761,1.0065,0.87179,0.471,-0.21904,-0.11417,0.5472
1.8956,0.96392,1.1717,1.1752,0.44356,0.055048,-0.027853,0.8727,0.49536,0.00084922,0.2808,0.80009,1.8033,0.82023,1.0636,0.95221,0.4543,-0.20023,-0.12645,0.56763
1.9356,0.98517,1.1921,1.2016,0.50143,0.055048,-0.065451,0.88364,0.51189,-0.0025363,0.27353,0.83007,1.8504,0.84601,1.0892,0.98911,0.43976,-0.18569,-0.1335,0.57952
1.9526,0.99675,1.1974,1.2099,0.54381,0.057889,-0.10103,0.89095,0.52889,-0.001041,0.26433,0.85681,1.8709,0.85936,1.0977,1.0016,0.43383,-0.17973,-0.13132,0.5862
1.958,1.0125,1.1971,1.2139,0.56622,0.17555,-0.10232,0.89095,0.54565,0.039319,0.25245,0.88074,1.8776,0.87382,1.0994,1.0082,0.44016,-0.1746,-0.11794,0.5893
1.9591,1.0431,1.1952,1.2209,0.57982,0.42414,-0.081878,0.89095,0.56141,0.14066,0.23853,0.90118,1.8793,0.89941,1.099,1.0188,0.4564,-0.15658,-0.090393,0.59036
1.9614,1.0925,1.1933,1.2389,0.57982,0.65927,-0.049837,0.89095,0.57598,0.27933,0.22638,0.91746,1.8817,0.94063,1.0981,1.0437,0.47673,-0.11569,-0.046314,0.59107
1.9905,1.1522,1.1917,1.2677,0.57674,0.76966,-1.1818e-05,0.89095,0.58337,0.41554,0.22177,0.94074,1.9113,0.99019,1.097,1.073,0.48036,-0.055586,0.011209,0.60714
2.0215,1.2094,1.1896,1.2986,0.57478,0.81174,0.057291,0.89095,0.59114,0.52642,0.22902,0.96524,1.9429,1.0368,1.0953,1.1042,0.48529,0.012354,0.074313,0.62429
2.0535,1.2545,1.1853,1.3302,0.55449,0.81174,0.099077,0.89095,0.59844,0.60776,0.24733,0.98902,1.9763,1.0722,1.0918,1.1373,0.49076,0.078604,0.13683,0.64008
2.0828,1.2815,1.1721,1.3591,0.54353,0.81174,0.098702,0.89095,0.60453,0.66428,0.27119,1.0081,2.0086,1.0913,1.081,1.1711,0.49563,0.13869,0.19709,0.64812
2.1014,1.2872,1.1382,1.3766,0.54055,0.81174,0.061687,0.8831,0.61092,0.70297,0.29432,1.0173,2.0333,1.0908,1.0518,1.1989,0.49923,0.19042,0.25384,0.64032
2.0971,1.2707,1.0691,1.3706,0.52347,0.81174,0.025063,0.86949,0.61778,0.72873,0.31377,1.0124,2.0377,1.0682,0.98909,1.2086,0.50291,0.23178,0.30404,0.61044
2.0566,1.2351,0.95106,1.329,0.48271,0.81174,0.024463,0.83977,0.62628,0.74385,0.32924,0.99391,2.0074,1.0241,0.87756,1.1851,0.50924,0.26089,0.34425,0.55787
1.9683,1.1895,0.77483,1.2428,0.45559,0.81174,0.024463,0.7722,0.63843,0.74988,0.3414,0.96839,1.929,0.96564,0.7058,1.1161,0.5206,0.27714,0.37328,0.48901
1.8228,1.1479,0.54296,1.1126,0.43554,0.81174,0.033451,0.67337,0.65515,0.75013,0.35043,0.94484,1.7915,0.90776,0.47025,0.99886,0.53778,0.28264,0.39293,0.41694
1.6145,1.1218,0.29753,0.96195,0.42747,0.81174,0.047612,0.5707,0.67439,0.7478,0.35551,0.92814,1.586,0.8668,0.20064,0.85252,0.56111,0.28079,0.40578,0.35533
1.3493,1.1112,0.14872,0.85538,0.42613,0.81174,0.076177,0.49148,0.69076,0.74425,0.35633,0.914,1.313,0.84707,0.0098817,0.74664,0.59072,0.27497,0.41332,0.30999
1.3493,1.1088,0.16088,0.85538,0.42613,0.81174,0.095262,0.49148,0.69076,0.73849,0.3532,0.914,1.313,0.84098,0.0082008,0.74664,0.59072,0.26788,0.41525,0.30999
1.3493,1.1028,0.25275,0.85538,0.42613,0.81174,0.095262,0.49148,0.69076,0.72519,0.34677,0.914,1.313,0.83371,0.11596,0.74664,0.59072,0.25774,0.41076,0.30999
1.3493,1.0825,0.36004,0.85538,0.42613,0.81174,0.098213,0.49148,0.69076,0.69657,0.33664,0.914,1.313,0.81083,0.23828,0.74664,0.59072,0.24036,0.3998,0.30999
1.3493,1.039,0.461,0.85538,0.42613,0.81009,0.116,0.49148,0.69076,0.64562,0.32126,0.914,1.313,0.75968,0.34523,0.74664,0.59072,0.2111,0.38298,0.30999
1.3493,0.96958,0.55024,0.85538,0.42613,0.77806,0.12933,0.49148,0.69076,0.56865,0.29897,0.914,1.313,0.67667,0.43372,0.74664,0.59072,0.16778,0.36159,0.30999
1.4173,0.87743,0.62287,1.6353,0.57472,0.72626,0.13189,0.42297,0.70823,0.4673,0.26927,0.83732,1.3579,0.56676,0.50266,1.595,0.89735,0.11066,0.33693,0.77608
1.4481,0.77171,0.67473,1.6068,0.66512,0.60755,0.12252,0.50577,0.7009,0.34773,0.23303,0.82742,1.3599,0.4439,0.55114,1.5472,0.91244,0.040483,0.30827,0.78589
1.5746,0.66594,0.70455,1.6606,0.74314,0.43817,0.087683,0.54517,0.68655,0.21719,0.19166,0.81555,1.4601,0.32816,0.57921,1.5811,0.90946,-0.04305,0.27158,0.79145
1.7226,0.57442,0.71639,1.7608,0.79944,0.23531,0.03002,0.57328,0.67227,0.079541,0.14895,0.80729,1.5959,0.23524,0.59044,1.6707,0.89481,-0.14073,0.2228,0.79372
1.8396,0.50945,0.71873,1.856,0.82693,0.093577,0.020268,0.58507,0.66595,-0.062917,0.10815,0.80274,1.7108,0.17472,0.59278,1.7644,0.8765,-0.25061,0.16155,0.79258
1.9097,0.47703,0.71972,1.9192,0.82693,-0.0059458,0.020268,0.58891,0.67038,-0.20087,0.070365,0.79937,1.782,0.14787,0.5942,1.8298,0.86011,-0.36493,0.09301,0.78743
1.9354,0.46958,0.72228,1.9452,0.82693,-0.04192,0.020268,0.58891,0.68323,-0.31263,0.033697,0.79573,1.8096,0.14943,0.59768,1.8586,0.84646,-0.47097,0.025052,0.77897
1.928,0.4691,0.72418,1.9407,0.82693,-0.04192,0.020268,0.58891,0.69874,-0.38968,-0.0049764,0.79352,1.8035,0.16077,0.60106,1.8561,0.83338,-0.5611,-0.038302,0.76969
1.902,0.46124,0.72047,1.9177,0.82693,-0.04192,0.020268,0.58891,0.71093,-0.43728,-0.045599,0.7939,1.7779,0.16457,0.59905,1.834,0.81931,-0.63419,-0.098047,0.76277
1.87,0.44158,0.70723,1.8878,0.82693,-0.04192,0.020268,0.58891,0.71596,-0.46534,-0.086243,0.79503,1.746,0.15057,0.58645,1.8043,0.80451,-0.69149,-0.15597,0.76071
1.8388,0.41049,0.68208,1.8575,0.82693,-0.04192,-0.019259,0.58891,0.71398,-0.48332,-0.12551,0.79414,1.7146,0.11484,0.55982,1.774,0.79063,-0.73608,-0.20956,0.76389
1.8096,0.37368,0.64411,1.8292,0.82693,-0.04192,-0.065182,0.58891,0.70866,-0.49383,-0.16332,0.79031,1.6852,0.065556,0.51687,1.7454,0.78122,-0.77066,-0.25147,0.77074
1.8161,0.33559,0.59379,1.8232,0.82693,-0.04192,-0.12799,0.58891,0.71142,-0.49709,-0.18591,0.7879,1.6861,0.015312,0.45791,1.7334,0.78213,-0.78824,-0.27041,0.77518
1.8345,0.29903,0.54318,1.8307,0.82693,-0.04192,-0.17674,0.58663,0.71177,-0.48661,-0.15357,0.78324,1.7012,-0.015515,0.39603,1.737,0.77534,-0.74732,-0.24074,0.77626
1.8628,0.27831,0.54615,1.8523,0.81557,-0.05144,-0.19694,0.58663,0.7097,-0.43247,-0.029921,0.77681,1.7288,-0.0023355,0.39381,1.7576,0.75792,-0.56061,-0.12219,0.77368
1.8946,0.30452,0.66116,1.8826,0.78665,-0.093912,-0.19882,0.58663,0.70881,-0.31657,0.15016,0.77187,1.7617,0.087588,0.51779,1.7893,0.72989,-0.25762,0.077668,0.76878
1.9176,0.39053,0.85068,1.9085,0.76445,-0.13577,-0.14795,0.58514,0.71248,-0.16195,0.32535,0.7705,1.7868,0.23569,0.72598,1.8185,0.69695,0.033616,0.29378,0.76296
1.9163,0.50651,1.0348,1.9135,0.73371,-0.14817,-0.085764,0.55949,0.7228,-0.01157,0.46391,0.77264,1.7889,0.38908,0.92643,1.8282,0.66827,0.26084,0.47938,0.75636
1.8736,0.61388,1.1743,1.8813,0.68601,-0.16146,-0.0077127,0.49983,0.73817,0.10919,0.5606,0.77489,1.7506,0.51607,1.0774,1.8016,0.64953,0.42048,0.62021,0.74959
1.7725,0.69388,1.2629,1.7963,0.62374,-0.19401,0.074174,0.43829,0.75282,0.19539,0.6241,0.77566,1.654,0.60663,1.1739,1.7226,0.63833,0.52281,0.71869,0.74436
1.5958,0.74445,1.3093,1.645,0.50122,-0.19556,0.16719,0.35935,0.76041,0.25671,0.66797,0.77636,1.4816,0.66439,1.225,1.5768,0.62706,0.58212,0.78413,0.74445
1.325,0.77316,1.3279,1.4173,0.32564,-0.16961,0.2399,0.25316,0.75544,0.31067,0.70492,0.77927,1.2121,0.69832,1.2457,1.3524,0.61106,0.61412,0.82828,0.75379
0,0,0,0,0,0,0,0,0,0,0,0,0,0,0,0,0,0,0,0
0,0,0,0,0,0,0,0,0,0,0,0,0,0,0,0,0,0,0,0
0,0,0,0,0,0,0,0,0,0,0,0,0,0,0,0,0,0,0,0
0,0,0,0,0,0,0,0,0,0,0,0,0,0,0,0,0,0,0,0
0,0,0,0,0,0,0,0,0,0,0,0,0,0,0,0,0,0,0,0
0,0,0,0,0,0,0,0,0,0,0,0,0,0,0,0,0,0,0,0
0,0,0,0,0,0,0,0,0,0,0,0,0,0,0,0,0,0,0,0
0,0,0,0,0,0,0,0,0,0,0,0,0,0,0,0,0,0,0,0
0,0,0,0,0,0,0,0,0,0,0,0,0,0,0,0,0,0,0,0
0,0,0,0,0,0,0,0,0,0,0,0,0,0,0,0,0,0,0,0
0,0,0,0,0,0,0,0,0,0,0,0,0,0,0,0,0,0,0,0
0,0,0,0,0,0,0,0,0,0,0,0,0,0,0,0,0,0,0,0
0,0,0,0,0,0,0,0,0,0,0,0,0,0,0,0,0,0,0,0
0,0,0,0,0,0,0,0,0,0,0,0,0,0,0,0,0,0,0,0
0,0,0,0,0,0,0,0,0,0,0,0,0,0,0,0,0,0,0,0
0,0,0,0,0,0,0,0,0,0,0,0,0,0,0,0,0,0,0,0
0,0,0,0,0,0,0,0,0,0,0,0,0,0,0,0,0,0,0,0
0,0,0,0,0,0,0,0,0,0,0,0,0,0,0,0,0,0,0,0
0,0,0,0,0,0,0,0,0,0,0,0,0,0,0,0,0,0,0,0
0,0,0,0,0,0,0,0,0,0,0,0,0,0,0,0,0,0,0,0
0,0,0,0,0,0,0,0,0,0,0,0,0,0,0,0,0,0,0,0
0,0,0,0,0,0,0,0,0,0,0,0,0,0,0,0,0,0,0,0
0,0,0,0,0,0,0,0,0,0,0,0,0,0,0,0,0,0,0,0
0,0,0,0,0,0,0,0,0,0,0,0,0,0,0,0,0,0,0,0
0,0,0,0,0,0,0,0,0,0,0,0,0,0,0,0,0,0,0,0
0,0,0,0,0,0,0,0,0,0,0,0,0,0,0,0,0,0,0,0
0,0,0,0,0,0,0,0,0,0,0,0,0,0,0,0,0,0,0,0
0,0,0,0,0,0,0,0,0,0,0,0,0,0,0,0,0,0,0,0
0,0,0,0,0,0,0,0,0,0,0,0,0,0,0,0,0,0,0,0
0,0,0,0,0,0,0,0,0,0,0,0,0,0,0,0,0,0,0,0
0,0,0,0,0,0,0,0,0,0,0,0,0,0,0,0,0,0,0,0
0,0,0,0,0,0,0,0,0,0,0,0,0,0,0,0,0,0,0,0
0,0,0,0,0,0,0,0,0,0,0,0,0,0,0,0,0,0,0,0
0,0,0,0,0,0,0,0,0,0,0,0,0,0,0,0,0,0,0,0
0,0,0,0,0,0,0,0,0,0,0,0,0,0,0,0,0,0,0,0
0,0,0,0,0,0,0,0,0,0,0,0,0,0,0,0,0,0,0,0
0,0,0,0,0,0,0,0,0,0,0,0,0,0,0,0,0,0,0,0
0,0,0,0,0,0,0,0,0,0,0,0,0,0,0,0,0,0,0,0
0,0,0,0,0,0,0,0,0,0,0,0,0,0,0,0,0,0,0,0
0,0,0,0,0,0,0,0,0,0,0,0,0,0,0,0,0,0,0,0
0,0,0,0,0,0,0,0,0,0,0,0,0,0,0,0,0,0,0,0
0,0,0,0,0,0,0,0,0,0,0,0,0,0,0,0,0,0,0,0
0,0,0,0,0,0,0,0,0,0,0,0,0,0,0,0,0,0,0,0
0,0,0,0,0,0,0,0,0,0,0,0,0,0,0,0,0,0,0,0
0,0,0,0,0,0,0,0,0,0,0,0,0,0,0,0,0,0,0,0
0,0,0,0,0,0,0,0,0,0,0,0,0,0,0,0,0,0,0,0
0,0,0,0,0,0,0,0,0,0,0,0,0,0,0,0,0,0,0,0
0,0,0,0,0,0,0,0,0,0,0,0,0,0,0,0,0,0,0,0
0,0,0,0,0,0,0,0,0,0,0,0,0,0,0,0,0,0,0,0
0,0,0,0,0,0,0,0,0,0,0,0,0,0,0,0,0,0,0,0
0,0,0,0,0,0,0,0,0,0,0,0,0,0,0,0,0,0,0,0
0,0,0,0,0,0,0,0,0,0,0,0,0,0,0,0,0,0,0,0
0,0,0,0,0,0,0,0,0,0,0,0,0,0,0,0,0,0,0,0
0,0,0,0,0,0,0,0,0,0,0,0,0,0,0,0,0,0,0,0
0,0,0,0,0,0,0,0,0,0,0,0,0,0,0,0,0,0,0,0
0,0,0,0,0,0,0,0,0,0,0,0,0,0,0,0,0,0,0,0
0,0,0,0,0,0,0,0,0,0,0,0,0,0,0,0,0,0,0,0
0,0,0,0,0,0,0,0,0,0,0,0,0,0,0,0,0,0,0,0
0,0,0,0,0,0,0,0,0,0,0,0,0,0,0,0,0,0,0,0
0,0,0,0,0,0,0,0,0,0,0,0,0,0,0,0,0,0,0,0
0,0,0,0,0,0,0,0,0,0,0,0,0,0,0,0,0,0,0,0
0,0,0,0,0,0,0,0,0,0,0,0,0,0,0,0,0,0,0,0
0,0,0,0,0,0,0,0,0,0,0,0,0,0,0,0,0,0,0,0
0,0,0,0,0,0,0,0,0,0,0,0,0,0,0,0,0,0,0,0
0,0,0,0,0,0,0,0,0,0,0,0,0,0,0,0,0,0,0,0
0,0,0,0,0,0,0,0,0,0,0,0,0,0,0,0,0,0,0,0
0,0,0,0,0,0,0,0,0,0,0,0,0,0,0,0,0,0,0,0
0,0,0,0,0,0,0,0,0,0,0,0,0,0,0,0,0,0,0,0
0.55658,0.042374,1.1096,0.39775,0.47167,0.13728,0.55275,-0.40855,0.72736,0.61872,1.1186,0.58028,0.34349,-0.13664,1.0072,0.26293,0.95398,0.65299,0.93486,0.98081
0.50497,0.023622,1.0734,0.37166,0.49516,0.13728,0.57114,-0.26447,0.71916,0.62831,1.0918,0.59949,0.2914,-0.16704,0.97423,0.22975,0.92818,0.66345,0.92443,1.0026
0.45122,-0.0036417,1.0016,0.34175,0.5096,0.14158,0.58775,-0.11398,0.71548,0.62647,1.0511,0.63428,0.23818,-0.20058,0.90701,0.19079,0.90307,0.65675,0.90302,1.01
0.41342,-0.039971,0.88168,0.31609,0.5096,0.1446,0.58182,0.0039909,0.71433,0.61348,1.005,0.67108,0.20813,-0.2387,0.79148,0.15854,0.88635,0.63511,0.87731,1.0014
0.40533,-0.075418,0.70485,0.29959,0.5096,0.14516,0.56357,0.090327,0.71261,0.5943,0.96542,0.69883,0.2179,-0.2701,0.61644,0.13977,0.88029,0.60589,0.85477,0.98006
0.42356,-0.10082,0.47314,0.29205,0.5096,0.12536,0.57682,0.15806,0.7058,0.57546,0.93917,0.71427,0.25765,-0.2849,0.37571,0.13279,0.88364,0.57886,0.83979,0.95219
0.45272,-0.1193,0.21555,0.29082,0.5096,0.085264,0.58744,0.21036,0.69224,0.56096,0.92381,0.71951,0.3049,-0.29335,0.083979,0.13216,0.89233,0.56013,0.8309,0.92421
0.47893,-0.13775,-0.0045547,0.29272,0.5096,0.036163,0.5901,0.23513,0.67412,0.55009,0.91124,0.71924,0.34268,-0.30666,-0.20662,0.13109,0.9025,0.54891,0.82325,0.89983
0.49622,-0.15696,-0.1479,0.29394,0.5096,-0.0031043,0.5901,0.23739,0.65614,0.53907,0.89491,0.71657,0.3641,-0.32407,-0.43134,0.12505,0.9115,0.54096,0.81282,0.8804
0.50634,-0.17307,-0.24164,0.29169,0.5096,-0.031342,0.5901,0.24779,0.64166,0.52475,0.87368,0.71265,0.37296,-0.34019,-0.56633,0.11277,0.91824,0.53356,0.79783,0.86644
0.51331,-0.18308,-0.31346,0.28419,0.5096,-0.063192,0.5901,0.2654,0.63086,0.50706,0.84932,0.70814,0.3752,-0.34809,-0.63467,0.094711,0.92302,0.52579,0.77917,0.8581
0.52079,-0.1914,-0.37182,0.27229,0.5096,-0.095433,0.5901,0.27942,0.6221,0.4886,0.82643,0.70395,0.37635,-0.35062,-0.66644,0.073167,0.9265,0.51632,0.75792,0.85525
0.5239,-0.2034,-0.40564,0.24237,0.48971,-0.10273,0.5901,0.28762,0.59864,0.47258,0.81084,0.70379,0.37874,-0.3514,-0.66529,0.027242,0.92732,0.5034,0.73513,0.85428
0.52749,-0.22423,-0.40811,0.21255,0.41461,-0.11791,0.564,0.28762,0.58103,0.45966,0.8058,0.70545,0.3783,-0.35775,-0.6338,-0.020771,0.92434,0.48552,0.71238,0.85102
0.53645,-0.25584,-0.39166,0.1835,0.33301,-0.13291,0.50361,0.30573,0.5685,0.44703,0.80936,0.70508,0.38108,-0.37387,-0.59536,-0.067313,0.9189,0.46214,0.69153,0.84097
0.55307,-0.29391,-0.37369,0.15658,0.30072,-0.16954,0.42799,0.33508,0.5603,0.43181,0.81538,0.69926,0.39064,-0.40108,-0.56882,-0.1064,0.91336,0.4341,0.67412,0.82077
0.57491,-0.32846,-0.36049,0.13391,0.28377,-0.24889,0.37948,0.38543,0.55583,0.41485,0.81748,0.6853,0.40552,-0.43272,-0.55955,-0.13464,0.90888,0.40291,0.65944,0.79283
0.59463,-0.35259,-0.34977,0.11827,0.28134,-0.31636,0.32735,0.41475,0.55306,0.39976,0.81137,0.66373,0.41793,-0.46202,-0.56145,-0.1492,0.90524,0.37169,0.64621,0.7657
0.60545,-0.36698,-0.34174,0.11161,0.25793,-0.30638,0.31183,0.41809,0.55331,0.38986,0.7976,0.63869,0.41995,-0.48717,-0.57021,-0.15255,0.90071,0.34462,0.63358,0.74989
0.60411,-0.37323,-0.33983,0.11885,0.28137,-0.25221,0.27414,0.41809,0.55928,0.3851,0.782,0.61657,0.40597,-0.50272,-0.58343,-0.14389,0.89334,0.32596,0.62299,0.74998
0.59427,-0.37225,-0.34562,0.14708,0.30443,-0.1832,0.2086,0.41809,0.57443,0.38244,0.77263,0.60161,0.37771,-0.50605,-0.59794,-0.11614,0.88091,0.3166,0.61489,0.7616
0.58578,-0.37063,-0.35685,0.20872,0.33074,-0.1465,0.14742,0.42395,0.59775,0.37817,0.7739,0.59294,0.34563,-0.50476,-0.61222,-0.054113,0.86321,0.31497,0.60786,0.77677
0.60209,-0.37498,-0.36851,0.31899,0.33074,-0.14271,0.092013,0.52415,0.62357,0.37133,0.78457,0.58657,0.34158,-0.51011,-0.62517,0.064481,0.84332,0.31953,0.60062,0.79093
0.59835,-0.37588,-0.37003,0.31982,0.33074,-0.15465,0.016911,0.50949,0.63651,0.36303,0.79934,0.57851,0.3222,-0.51385,-0.63295,0.06533,0.82964,0.33126,0.59768,0.80286
0.59726,-0.34832,-0.35144,0.32386,0.33074,-0.16911,-0.030731,0.48436,0.64966,0.35603,0.81378,0.57132,0.30877,-0.48839,-0.63268,0.074205,0.81424,0.35046,0.60843,0.81264
0.59744,-0.26829,-0.30906,0.33436,0.33074,-0.17316,-0.017482,0.4722,0.66235,0.35347,0.82576,0.56459,0.29987,-0.40658,-0.62092,0.092984,0.79699,0.37247,0.64041,0.81873
0.59592,-0.15302,-0.24825,0.35254,0.33074,-0.17316,-0.018296,0.4722,0.6759,0.35529,0.83427,0.55698,0.29042,-0.28926,-0.60181,0.1207,0.77687,0.39007,0.68988,0.81922
0.59164,-0.038445,-0.18087,0.3776,0.33074,-0.17316,-0.018296,0.4722,0.69208,0.35949,0.83802,0.54845,0.27833,-0.17674,-0.57951,0.1548,0.75231,0.39684,0.74402,0.81297
0.58369,0.054113,-0.11781,0.40749,0.33074,-0.17316,-0.018296,0.4722,0.71066,0.3631,0.83626,0.54191,0.26218,-0.089002,-0.55446,0.19208,0.72445,0.39139,0.79079,0.80156
0.57147,0.11998,-0.063723,0.44205,0.33074,-0.17316,-0.0082028,0.4722,0.72952,0.36396,0.82988,0.54356,0.24093,-0.02884,-0.52281,0.23158,0.69878,0.37803,0.82518,0.7894
0.55515,0.16409,-0.013696,0.48414,0.32777,-0.16214,0.049509,0.4722,0.7475,0.36066,0.8215,0.55731,0.21385,0.010197,-0.46936,0.27574,0.68123,0.36421,0.8493,0.78308
0.53961,0.19395,0.042251,0.53711,0.31686,-0.15307,0.16756,0.4722,0.76413,0.35381,0.81479,0.58297,0.18608,0.035893,-0.37976,0.32868,0.67609,0.35768,0.86823,0.7857
0.53663,0.21633,0.11209,0.60152,0.3071,-0.15277,0.28872,0.46938,0.78143,0.34701,0.81276,0.61328,0.17614,0.054383,-0.25632,0.39193,0.67868,0.36163,0.88573,0.79477
0.56042,0.23466,0.19075,0.67578,0.28288,-0.13407,0.31208,0.45375,0.79758,0.34395,0.81565,0.63907,0.20393,0.068679,-0.12149,0.46372,0.6818,0.3734,0.90182,0.80407
0.56042,0.24944,0.26405,0.67578,0.28288,-0.094983,0.31555,0.45375,0.79758,0.3458,0.82012,0.63907,0.20393,0.080142,-0.0065581,0.46372,0.6818,0.38678,0.91477,0.80407
0.56042,0.26044,0.32026,0.67578,0.28288,-0.080796,0.31555,0.45375,0.79758,0.35026,0.82272,0.63907,0.20393,0.089221,0.075177,0.46372,0.6818,0.39569,0.92392,0.80407
0.56042,0.26744,0.3554,0.67578,0.28288,-0.073932,0.31555,0.45375,0.79758,0.35302,0.82241,0.63907,0.20393,0.095627,0.12344,0.46372,0.6818,0.39774,0.93081,0.80407
0.56042,0.27142,0.37352,0.67578,0.28288,-0.064037,0.31555,0.45375,0.79758,0.3517,0.82035,0.63907,0.20393,0.09983,0.148,0.46372,0.6818,0.39358,0.93757,0.80407
0.56042,0.2717,0.38139,0.67578,0.28288,-0.044103,0.31555,0.45375,0.79758,0.34761,0.8185,0.63907,0.20393,0.10037,0.16043,0.46372,0.6818,0.38453,0.94424,0.80407
0.56042,0.26463,0.38432,0.67578,0.28288,-0.0023495,0.31555,0.45375,0.79758,0.34208,0.81777,0.63907,0.20393,0.092032,0.17027,0.46372,0.6818,0.37213,0.94825,0.80407
0.56042,0.2416,0.38266,0.67578,0.28288,0.020314,0.31555,0.45375,0.79758,0.33638,0.81714,0.63907,0.20393,0.064195,0.17853,0.46372,0.6818,0.35873,0.9457,0.80407
0.56042,0.19824,0.37386,0.67578,0.28288,0.020314,0.31555,0.45375,0.79758,0.33242,0.81446,0.63907,0.20393,0.012606,0.18192,0.46372,0.6818,0.34806,0.9348,0.80407
0.56042,0.13536,0.35687,0.67578,0.28288,0.084449,0.31555,0.45375,0.79758,0.3322,0.80891,0.63907,0.20393,-0.060302,0.17827,0.46372,0.6818,0.34504,0.91773,0.80407
0.56042,0.061058,0.33378,0.67578,0.28288,0.14614,0.31555,0.45375,0.79758,0.33679,0.801,0.63907,0.20393,-0.14462,0.16823,0.46372,0.6818,0.35209,0.89951,0.80407
0.86773,-0.012251,0.3079,0.69887,-0.025872,0.18945,0.31555,0.042018,0.75472,0.3439,0.79317,0.66417,0.76039,-0.22613,0.15448,0.54901,0.91405,0.36772,0.88526,0.70678
0.82345,-0.074016,0.28039,0.71148,0.13782,0.19212,0.31635,0.081818,0.7668,0.35051,0.78896,0.65562,0.71132,-0.29397,0.13666,0.57708,0.91631,0.38792,0.87684,0.70884
0.78105,-0.12006,0.24715,0.7246,0.25344,0.19212,0.35695,0.15722,0.76311,0.35324,0.78934,0.66064,0.65926,-0.34354,0.11023,0.5916,0.91035,0.40835,0.87287,0.7153
0.76622,-0.15294,0.19962,0.75687,0.35755,0.19325,0.38896,0.1588,0.75044,0.3506,0.79226,0.66996,0.62747,-0.37658,0.066192,0.61404,0.90074,0.42624,0.87213,0.73391
0.85458,-0.17697,0.13111,0.86889,0.53848,0.20756,0.3676,0.19579,0.74398,0.34359,0.79433,0.68206,0.68293,-0.39756,-0.0056156,0.7019,0.89412,0.44171,0.87601,0.76667
0.85458,-0.19613,0.044786,0.86889,0.53848,0.21539,0.35505,0.19579,0.74398,0.33546,0.79375,0.68206,0.68293,-0.41455,-0.1035,0.7019,0.89412,0.457,0.88754,0.76667
0.85458,-0.21285,-0.039332,0.86889,0.53848,0.20076,0.37398,0.19579,0.74398,0.33075,0.79057,0.68206,0.68293,-0.43365,-0.20917,0.7019,0.89412,0.47443,0.90741,0.76667
0.85458,-0.22637,-0.092222,0.86889,0.53848,0.18923,0.39566,0.19579,0.74398,0.33279,0.78604,0.68206,0.68293,-0.45472,-0.29167,0.7019,0.89412,0.49416,0.9333,0.76667
0.85458,-0.23519,-0.10168,0.86889,0.53848,0.1951,0.42822,0.19579,0.74398,0.34079,0.78133,0.68206,0.68293,-0.47286,-0.33504,0.7019,0.89412,0.51384,0.96104,0.76667
0.85458,-0.23813,-0.085865,0.86889,0.53848,0.1951,0.45774,0.19579,0.74398,0.34965,0.77681,0.68206,0.68293,-0.48568,-0.35591,0.7019,0.89412,0.52942,0.98607,0.76667
0.85458,-0.23216,-0.067368,0.86889,0.53848,0.1951,0.45801,0.19579,0.74398,0.35444,0.77179,0.68206,0.68293,-0.48587,-0.37823,0.7019,0.89412,0.53665,1.0042,0.76667
0.85458,-0.20961,-0.048611,0.86889,0.53848,0.1912,0.45801,0.19579,0.74398,0.35103,0.7653,0.68206,0.68293,-0.4602,-0.39098,0.7019,0.89412,0.53356,1.0125,0.76667
0.84533,-0.16819,-0.018837,0.88772,0.53233,0.18522,0.45801,0.19374,0.76407,0.33661,0.75643,0.67063,0.66746,-0.40698,-0.36157,0.72695,0.89749,0.52064,1.0102,0.78097
0,0,0,0,0,0,0,0,0,0,0,0,0,0,0,0,0,0,0,0
0,0,0,0,0,0,0,0,0,0,0,0,0,0,0,0,0,0,0,0
0,0,0,0,0,0,0,0,0,0,0,0,0,0,0,0,0,0,0,0
0,0,0,0,0,0,0,0,0,0,0,0,0,0,0,0,0,0,0,0
0,0,0,0,0,0,0,0,0,0,0,0,0,0,0,0,0,0,0,0
0,0,0,0,0,0,0,0,0,0,0,0,0,0,0,0,0,0,0,0
0,0,0,0,0,0,0,0,0,0,0,0,0,0,0,0,0,0,0,0
0,0,0,0,0,0,0,0,0,0,0,0,0,0,0,0,0,0,0,0
0,0,0,0,0,0,0,0,0,0,0,0,0,0,0,0,0,0,0,0
0,0,0,0,0,0,0,0,0,0,0,0,0,0,0,0,0,0,0,0
0,0,0,0,0,0,0,0,0,0,0,0,0,0,0,0,0,0,0,0
0,0,0,0,0,0,0,0,0,0,0,0,0,0,0,0,0,0,0,0
0,0,0,0,0,0,0,0,0,0,0,0,0,0,0,0,0,0,0,0
0,0,0,0,0,0,0,0,0,0,0,0,0,0,0,0,0,0,0,0
0,0,0,0,0,0,0,0,0,0,0,0,0,0,0,0,0,0,0,0
0,0,0,0,0,0,0,0,0,0,0,0,0,0,0,0,0,0,0,0
0,0,0,0,0,0,0,0,0,0,0,0,0,0,0,0,0,0,0,0
0,0,0,0,0,0,0,0,0,0,0,0,0,0,0,0,0,0,0,0
0,0,0,0,0,0,0,0,0,0,0,0,0,0,0,0,0,0,0,0
0,0,0,0,0,0,0,0,0,0,0,0,0,0,0,0,0,0,0,0
0,0,0,0,0,0,0,0,0,0,0,0,0,0,0,0,0,0,0,0
0,0,0,0,0,0,0,0,0,0,0,0,0,0,0,0,0,0,0,0
0,0,0,0,0,0,0,0,0,0,0,0,0,0,0,0,0,0,0,0
0,0,0,0,0,0,0,0,0,0,0,0,0,0,0,0,0,0,0,0
0,0,0,0,0,0,0,0,0,0,0,0,0,0,0,0,0,0,0,0
0,0,0,0,0,0,0,0,0,0,0,0,0,0,0,0,0,0,0,0
0,0,0,0,0,0,0,0,0,0,0,0,0,0,0,0,0,0,0,0
0,0,0,0,0,0,0,0,0,0,0,0,0,0,0,0,0,0,0,0
0,0,0,0,0,0,0,0,0,0,0,0,0,0,0,0,0,0,0,0
0,0,0,0,0,0,0,0,0,0,0,0,0,0,0,0,0,0,0,0
0,0,0,0,0,0,0,0,0,0,0,0,0,0,0,0,0,0,0,0
0,0,0,0,0,0,0,0,0,0,0,0,0,0,0,0,0,0,0,0
0,0,0,0,0,0,0,0,0,0,0,0,0,0,0,0,0,0,0,0
0,0,0,0,0,0,0,0,0,0,0,0,0,0,0,0,0,0,0,0
0,0,0,0,0,0,0,0,0,0,0,0,0,0,0,0,0,0,0,0
0,0,0,0,0,0,0,0,0,0,0,0,0,0,0,0,0,0,0,0
0,0,0,0,0,0,0,0,0,0,0,0,0,0,0,0,0,0,0,0
0,0,0,0,0,0,0,0,0,0,0,0,0,0,0,0,0,0,0,0
0,0,0,0,0,0,0,0,0,0,0,0,0,0,0,0,0,0,0,0
0,0,0,0,0,0,0,0,0,0,0,0,0,0,0,0,0,0,0,0
0,0,0,0,0,0,0,0,0,0,0,0,0,0,0,0,0,0,0,0
0.6345,0.048195,0.13486,0.68639,-0.33108,0.10724,0.11294,0.27091,0.84381,0.55244,0.88712,0.82121,0.48687,-0.25432,-0.19435,0.55721,0.83039,0.598,0.97338,0.46237
0.60982,-0.0091462,0.079254,0.62953,-0.30727,0.12246,0.090158,0.30637,0.83332,0.5405,0.86652,0.79648,0.47259,-0.33693,-0.26799,0.49231,0.8055,0.60219,0.95444,0.43903
0.5956,-0.063104,0.017382,0.58115,-0.27131,0.16982,0.062634,0.33786,0.81566,0.53032,0.84598,0.77204,0.46628,-0.42817,-0.34901,0.43319,0.77819,0.60399,0.93305,0.42148
0.58548,-0.11458,-0.042932,0.54519,-0.22793,0.16945,0.046247,0.34722,0.79865,0.52323,0.83055,0.75527,0.46003,-0.53194,-0.41765,0.3836,0.74902,0.60355,0.90738,0.41697
0.57173,-0.16237,-0.097102,0.51819,-0.17795,0.13657,0.039567,0.34722,0.78722,0.51857,0.82396,0.74775,0.44396,-0.63971,-0.4645,0.34359,0.72019,0.60079,0.87944,0.42731
0.55187,-0.19768,-0.14158,0.49879,-0.099224,0.086056,0.051892,0.35032,0.78074,0.51524,0.82606,0.74611,0.41705,-0.71622,-0.49055,0.31188,0.695,0.59469,0.8541,0.44946
0.52877,-0.20874,-0.1707,0.48721,-0.022501,0.027812,0.056669,0.35567,0.77551,0.51186,0.83336,0.74682,0.38456,-0.71516,-0.49901,0.2877,0.67635,0.584,0.83699,0.47798
0.50523,-0.19476,-0.18419,0.48416,0.049081,0.0057937,0.056669,0.35567,0.76846,0.50711,0.84295,0.748,0.35143,-0.64028,-0.49705,0.2692,0.66476,0.56739,0.83111,0.50615
0.48395,-0.16464,-0.18643,0.4882,0.12085,-0.0028894,0.058548,0.35755,0.75936,0.49982,0.85531,0.74849,0.32221,-0.53984,-0.49104,0.25521,0.65873,0.54333,0.83502,0.53083
0.46824,-0.13013,-0.18308,0.49657,0.15467,-0.011983,0.083993,0.36574,0.75037,0.4892,0.87318,0.74709,0.3019,-0.44992,-0.48739,0.24797,0.65613,0.51001,0.84329,0.55256
0.46274,-0.10006,-0.17357,0.50663,0.16571,-0.011685,0.13628,0.36574,0.74483,0.47533,0.89754,0.74247,0.29443,-0.38843,-0.47413,0.25115,0.65663,0.46694,0.84955,0.57274
0.46988,-0.079882,-0.1556,0.47966,0.19993,0.0027297,0.1461,0.29672,0.7452,0.46099,0.92516,0.73,0.30272,-0.35144,-0.44073,0.19429,0.66192,0.41697,0.8495,0.59527
0.46525,-0.070928,-0.13218,0.46859,0.22913,0.010815,0.1461,0.30167,0.74856,0.45146,0.94996,0.70911,0.30285,-0.33385,-0.39052,0.17631,0.65648,0.36692,0.8436,0.61815
0.47527,-0.071729,-0.10784,0.47557,0.27504,0.011159,0.1461,0.32609,0.75335,0.45017,0.96739,0.68427,0.31744,-0.32717,-0.33635,0.19567,0.65985,0.32456,0.83519,0.63883
0.49293,-0.079715,-0.087068,0.49716,0.29118,0.014156,0.1461,0.34417,0.7588,0.45556,0.97667,0.66354,0.33804,-0.323,-0.29245,0.23166,0.67231,0.29373,0.82831,0.6569
0.50989,-0.09271,-0.071091,0.52572,0.29341,0.014156,0.14142,0.36423,0.7656,0.46235,0.97988,0.65399,0.35577,-0.31932,-0.26154,0.26972,0.68949,0.27203,0.82541,0.6726
0.51943,-0.10904,-0.060287,0.55158,0.29341,0.0088907,0.11256,0.37401,0.77397,0.46608,0.98012,0.65648,0.36388,-0.31423,-0.243,0.29971,0.70598,0.25406,0.82654,0.6857
0.51901,-0.12597,-0.054913,0.56917,0.29719,-0.0056966,0.079382,0.37401,0.78277,0.46567,0.97883,0.66564,0.35868,-0.30729,-0.23388,0.31901,0.71879,0.23729,0.83024,0.69471
0.51158,-0.14115,-0.055367,0.57836,0.31571,-0.043053,0.0579,0.35371,0.78983,0.46287,0.97531,0.67527,0.34256,-0.29968,-0.2327,0.32959,0.72829,0.22614,0.83592,0.69802
0.50236,-0.1556,-0.061807,0.58297,0.34105,-0.076774,0.055664,0.32062,0.7934,0.46069,0.96816,0.68284,0.32344,-0.29671,-0.23946,0.33403,0.73624,0.23006,0.84337,0.69509
0.49676,-0.17303,-0.071994,0.58572,0.35127,-0.12746,0.057664,0.3019,0.79335,0.46051,0.95772,0.68887,0.30861,-0.30432,-0.25049,0.33644,0.74434,0.25492,0.85295,0.68668
0.49484,-0.1987,-0.08221,0.58637,0.35412,-0.17701,0.074786,0.30572,0.79073,0.46235,0.94733,0.69343,0.29952,-0.32842,-0.26174,0.33823,0.75323,0.29507,0.86302,0.67491
0.49417,-0.23634,-0.090014,0.5827,0.35412,-0.20769,0.11148,0.32336,0.78707,0.46519,0.9399,0.69475,0.29421,-0.371,-0.26949,0.3393,0.7623,0.33874,0.87154,0.66347
0.49183,-0.28906,-0.095382,0.57375,0.35299,-0.21708,0.13666,0.32336,0.78335,0.46828,0.93436,0.69117,0.28889,-0.43354,-0.27253,0.33882,0.77078,0.3767,0.87663,0.65481
0.48454,-0.35343,-0.10326,0.56005,0.34492,-0.22536,0.15387,0.34343,0.78028,0.47172,0.92561,0.68321,0.27863,-0.5109,-0.27763,0.33323,0.77891,0.40588,0.87844,0.64826
0.46817,-0.41439,-0.1187,0.54339,0.31168,-0.20889,0.15173,0.38708,0.77722,0.47518,0.90885,0.67454,0.25752,-0.58465,-0.29499,0.31866,0.78632,0.42718,0.87801,0.6406
0.43983,-0.45014,-0.14122,0.52331,0.31151,-0.18821,0.12002,0.44733,0.77186,0.47589,0.88351,0.66886,0.2187,-0.63066,-0.33156,0.28964,0.7905,0.44271,0.87636,0.62986
0.39839,-0.45165,-0.16306,0.4968,0.31151,-0.16521,0.059084,0.46525,0.76115,0.46952,0.85493,0.6671,0.1569,-0.64034,-0.38651,0.24091,0.78764,0.45331,0.87173,0.61719
0.3474,-0.42825,-0.17657,0.46155,0.30387,-0.15361,0.0078742,0.46336,0.74327,0.45371,0.83179,0.66642,0.0731,-0.62232,-0.45662,0.17102,0.7752,0.45873,0.86224,0.60644
0.29629,-0.38139,-0.17012,0.42037,0.28415,-0.1632,0.0039352,0.45604,0.71923,0.43042,0.82133,0.66348,-0.022459,-0.57252,-0.51592,0.086929,0.75416,0.46002,0.84782,0.60078
0.26242,-0.29519,-0.12639,0.38231,0.29142,-0.090122,0.040494,0.45269,0.69386,0.40572,0.8246,0.65814,-0.097934,-0.47018,-0.50401,0.0053408,0.73028,0.46141,0.83153,0.60142
0.2622,-0.15983,-0.010014,0.36413,0.25865,-0.0067791,0.15463,0.44146,0.67468,0.3856,0.83588,0.65385,-0.10821,-0.31331,-0.34785,-0.045345,0.71172,0.4698,0.818,0.60719
0.30596,-0.0043971,0.16211,0.38252,0.23843,0.055591,0.26713,0.47192,0.66625,0.3724,0.84747,0.65607,-0.024474,-0.14445,-0.10893,-0.028726,0.70404,0.48878,0.81009,0.61709
0.39978,0.13588,0.33308,0.45506,0.21499,0.090917,0.32118,0.53338,0.66645,0.36288,0.85391,0.66722,0.12512,0.00042207,0.1045,0.095112,0.70639,0.51343,0.80489,0.63114
0.57823,0.24492,0.46554,0.60927,0.21793,0.10305,0.33527,0.58982,0.66902,0.35197,0.85319,0.68487,0.38553,0.1075,0.25848,0.36403,0.71258,0.53225,0.79638,0.65031
0.85909,0.32362,0.55593,0.8734,0.21793,0.10919,0.33527,0.64781,0.66831,0.33608,0.84549,0.70564,0.73715,0.18078,0.36085,0.74119,0.71606,0.53531,0.77873,0.67472
1.1852,0.38348,0.62445,1.2023,0.22715,0.10919,0.33527,0.68287,0.66427,0.3136,0.83072,0.727,1.1114,0.23534,0.44403,1.1373,0.71323,0.51971,0.75037,0.70184
1.2126,0.4376,0.69398,1.228,0.20787,0.10919,0.33181,0.68287,0.66752,0.28603,0.80867,0.72316,1.1411,0.28886,0.5371,1.165,0.71323,0.48956,0.71215,0.71071
1.2427,0.4904,0.77584,1.256,0.18754,0.10919,0.31064,0.68287,0.67482,0.25635,0.77988,0.72453,1.173,0.34664,0.64743,1.195,0.71065,0.45205,0.66756,0.71625
1.2758,0.53525,0.85987,1.2867,0.15593,0.10919,0.2893,0.68287,0.68358,0.22714,0.74723,0.73325,1.2074,0.39856,0.75632,1.2277,0.7054,0.41328,0.62023,0.7189
1.3122,0.5644,0.92956,1.3204,0.13074,0.10919,0.26343,0.68287,0.69034,0.199,0.71533,0.74858,1.2448,0.43349,0.8432,1.2635,0.69692,0.37614,0.5738,0.72106
1.3519,0.57874,0.97602,1.3576,0.11112,0.10919,0.25092,0.68287,0.69365,0.17107,0.68732,0.76858,1.2857,0.45048,0.89972,1.303,0.68559,0.34145,0.53059,0.72519
1.3955,0.58461,1.0001,1.3992,0.10155,0.10919,0.2557,0.6763,0.69534,0.14321,0.66271,0.79184,1.3308,0.45722,0.92898,1.3471,0.67474,0.30961,0.49221,0.73242
1.4437,0.58731,1.0093,1.4465,0.09678,0.10465,0.26929,0.66067,0.70034,0.11611,0.63583,0.81917,1.3808,0.45974,0.94086,1.397,0.66917,0.28101,0.45787,0.74138
0,0,0,0,0,0,0,0,0,0,0,0,0,0,0,0,0,0,0,0
0,0,0,0,0,0,0,0,0,0,0,0,0,0,0,0,0,0,0,0
0,0,0,0,0,0,0,0,0,0,0,0,0,0,0,0,0,0,0,0
0,0,0,0,0,0,0,0,0,0,0,0,0,0,0,0,0,0,0,0
0,0,0,0,0,0,0,0,0,0,0,0,0,0,0,0,0,0,0,0
0,0,0,0,0,0,0,0,0,0,0,0,0,0,0,0,0,0,0,0
0,0,0,0,0,0,0,0,0,0,0,0,0,0,0,0,0,0,0,0
0,0,0,0,0,0,0,0,0,0,0,0,0,0,0,0,0,0,0,0
0,0,0,0,0,0,0,0,0,0,0,0,0,0,0,0,0,0,0,0
0,0,0,0,0,0,0,0,0,0,0,0,0,0,0,0,0,0,0,0
0,0,0,0,0,0,0,0,0,0,0,0,0,0,0,0,0,0,0,0
0,0,0,0,0,0,0,0,0,0,0,0,0,0,0,0,0,0,0,0
0,0,0,0,0,0,0,0,0,0,0,0,0,0,0,0,0,0,0,0
0,0,0,0,0,0,0,0,0,0,0,0,0,0,0,0,0,0,0,0
0,0,0,0,0,0,0,0,0,0,0,0,0,0,0,0,0,0,0,0
0,0,0,0,0,0,0,0,0,0,0,0,0,0,0,0,0,0,0,0
0,0,0,0,0,0,0,0,0,0,0,0,0,0,0,0,0,0,0,0
0,0,0,0,0,0,0,0,0,0,0,0,0,0,0,0,0,0,0,0
0,0,0,0,0,0,0,0,0,0,0,0,0,0,0,0,0,0,0,0
0,0,0,0,0,0,0,0,0,0,0,0,0,0,0,0,0,0,0,0
0,0,0,0,0,0,0,0,0,0,0,0,0,0,0,0,0,0,0,0
0,0,0,0,0,0,0,0,0,0,0,0,0,0,0,0,0,0,0,0
0,0,0,0,0,0,0,0,0,0,0,0,0,0,0,0,0,0,0,0
0,0,0,0,0,0,0,0,0,0,0,0,0,0,0,0,0,0,0,0
0,0,0,0,0,0,0,0,0,0,0,0,0,0,0,0,0,0,0,0
0,0,0,0,0,0,0,0,0,0,0,0,0,0,0,0,0,0,0,0
0,0,0,0,0,0,0,0,0,0,0,0,0,0,0,0,0,0,0,0
0.32811,0.31406,0.46317,0.31664,0.0076473,-0.22921,-0.012251,0.36342,0.89353,0.66877,0.98932,0.73604,0.14133,0.2073,0.33742,-0.10528,0.78858,0.66289,0.98068,0.8365
0.37146,0.27806,0.42386,0.37084,0.22485,-0.21729,-0.012251,0.45179,0.87941,0.65326,0.9431,0.77626,0.18565,0.15812,0.30161,-0.0020643,0.78403,0.65262,0.94397,0.81923
0.37146,0.21967,0.34981,0.37084,0.22485,-0.21729,-0.005197,0.45179,0.87941,0.63436,0.90478,0.77626,0.18565,0.078479,0.23068,-0.0020643,0.78403,0.6309,0.90851,0.81923
0.37146,0.14679,0.23666,0.37084,0.22485,-0.21729,0.013125,0.45179,0.87941,0.61363,0.88444,0.77626,0.18565,-0.023674,0.11452,-0.0020643,0.78403,0.59815,0.88201,0.81923
0.37146,0.077559,0.10544,0.37084,0.22485,-0.21729,0.019545,0.45179,0.87941,0.59366,0.88502,0.77626,0.18565,-0.12522,-0.043203,-0.0020643,0.78403,0.56175,0.86853,0.81923
0.37146,0.036496,0.022231,0.37084,0.22485,-0.21729,-0.01944,0.45179,0.87941,0.5772,0.90011,0.77626,0.18565,-0.18576,-0.19974,-0.0020643,0.78403,0.53276,0.86755,0.81923
0.37146,0.034506,0.046826,0.37084,0.22485,-0.21729,-0.064131,0.45179,0.87941,0.56608,0.92255,0.77626,0.18565,-0.18517,-0.26635,-0.0020643,0.78403,0.51814,0.87668,0.81923
0.37146,0.057835,0.13989,0.37084,0.22485,-0.21729,-0.073777,0.45179,0.87941,0.56014,0.9506,0.77626,0.18565,-0.14566,-0.21733,-0.0020643,0.78403,0.51483,0.89542,0.81923
0.37146,0.085976,0.23204,0.37084,0.22485,-0.20788,-0.0455,0.45179,0.87941,0.55763,0.98635,0.77626,0.18565,-0.10127,-0.13378,-0.0020643,0.78403,0.51395,0.92568,0.81923
0.37146,0.10923,0.29831,0.37084,0.22485,-0.17883,-0.011893,0.45179,0.87941,0.55723,1.029,0.77626,0.18565,-0.065273,-0.070628,-0.0020643,0.78403,0.51023,0.9664,0.81923
0.37146,0.12714,0.34336,0.37084,0.22485,-0.088837,0.11131,0.45179,0.87941,0.5584,1.0726,0.77626,0.18565,-0.035561,-0.031788,-0.0020643,0.78403,0.50354,1.0104,0.81923
0.36538,0.14459,0.3833,0.37084,0.19963,-0.00093543,0.27056,0.45179,0.87852,0.56054,1.1097,0.77626,0.19361,-0.0079724,0.00090522,-0.0020643,0.78114,0.49563,1.0485,0.81923
0.39448,0.16383,0.43108,0.40928,0.17898,0.047859,0.40344,0.42081,0.86449,0.56321,1.1371,0.80696,0.2412,0.020706,0.044207,0.059164,0.77502,0.48756,1.0758,0.80737
0.39448,0.18185,0.48565,0.40928,0.17898,0.075898,0.48173,0.42081,0.86449,0.56654,1.1557,0.80696,0.2412,0.045959,0.097823,0.059164,0.77502,0.4801,1.0938,0.80737
0.39448,0.19475,0.53806,0.40928,0.17898,0.070692,0.50372,0.42081,0.86449,0.571,1.1699,0.80696,0.2412,0.063486,0.15158,0.059164,0.77502,0.47435,1.1076,0.80737
0.39448,0.20197,0.57949,0.40928,0.17898,0.055773,0.51379,0.42081,0.86449,0.57684,1.1835,0.80696,0.2412,0.074468,0.1961,0.059164,0.77502,0.47026,1.1213,0.80737
0.39448,0.2064,0.60632,0.40928,0.17898,0.049048,0.51379,0.42081,0.86449,0.58354,1.1972,0.80696,0.2412,0.081773,0.22751,0.059164,0.77502,0.46664,1.1341,0.80737
0.39448,0.21116,0.61972,0.40928,0.17898,0.049048,0.51379,0.42081,0.86449,0.58919,1.2085,0.80696,0.2412,0.087857,0.24682,0.059164,0.77502,0.46196,1.1431,0.80737
0.39448,0.21765,0.62257,0.40928,0.17898,0.049048,0.51379,0.42081,0.86449,0.59144,1.2141,0.80696,0.2412,0.09208,0.25579,0.059164,0.77502,0.4558,1.1469,0.80737
0.39448,0.2214,0.61544,0.40928,0.17898,0.049048,0.51379,0.42081,0.86449,0.5882,1.2129,0.80696,0.2412,0.089909,0.25503,0.059164,0.77502,0.44885,1.1473,0.80737
0.39448,0.21437,0.5956,0.40928,0.17898,0.049829,0.51379,0.42081,0.86449,0.57954,1.2066,0.80696,0.2412,0.073238,0.24184,0.059164,0.77502,0.44368,1.1464,0.80737
0.39448,0.19035,0.56123,0.40928,0.17898,0.063843,0.51379,0.42081,0.86449,0.56813,1.1966,0.80696,0.2412,0.03684,0.21314,0.059164,0.77502,0.44338,1.144,0.80737
0.39448,0.15256,0.51516,0.40928,0.17898,0.063843,0.51379,0.42081,0.86449,0.55856,1.182,0.80696,0.2412,-0.015465,0.17056,0.059164,0.77502,0.44995,1.1369,0.80737
0.39448,0.11003,0.46526,0.40928,0.17898,0.062137,0.51379,0.42081,0.86449,0.55514,1.1601,0.80696,0.2412,-0.074563,0.1221,0.059164,0.77502,0.46315,1.1207,0.80737
0.39448,0.07307,0.42021,0.40928,0.17898,0.05043,0.51379,0.42081,0.86449,0.55794,1.1296,0.80696,0.2412,-0.12942,0.079415,0.059164,0.77502,0.47938,1.0933,0.80737
0.75747,0.045833,0.38227,0.27519,-0.054862,0.031122,0.51379,-0.022633,0.82674,0.56256,1.0937,0.75728,0.62249,-0.17611,0.04663,0.092607,0.75046,0.49541,1.0564,0.81766
0.72667,0.024586,0.34149,0.23838,-0.03566,0.029632,0.51379,-0.0063747,0.84208,0.5647,1.0601,0.77399,0.58774,-0.21843,0.014204,0.048531,0.7568,0.50962,1.0162,0.78865
0.68441,0.0049354,0.28127,0.19797,-0.021238,0.019179,0.51379,0.015413,0.84722,0.56178,1.0377,0.77846,0.53978,-0.26078,-0.034846,2.5411e-05,0.75236,0.52247,0.98082,0.7601
0.63925,-0.013317,0.18968,0.16619,-0.021238,-0.0084178,0.5055,0.025457,0.8462,0.55371,1.0308,0.7752,0.489,-0.30267,-0.1114,-0.036085,0.73853,0.53341,0.95531,0.7349
0.59878,-0.028893,0.062813,0.15205,-0.02119,-0.05699,0.44821,0.040176,0.84142,0.54191,1.035,0.77088,0.44394,-0.34059,-0.21705,-0.048872,0.72085,0.54012,0.93861,0.7151
0.5688,-0.040432,-0.089752,0.16481,-0.02119,-0.13533,0.30633,0.07132,0.83377,0.52884,1.0411,0.77137,0.41012,-0.36998,-0.34525,-0.02879,0.7065,0.54234,0.92535,0.70071
0.55103,-0.047752,-0.23681,0.20001,0.019049,-0.21504,0.089175,0.11859,0.82352,0.51848,1.0404,0.77901,0.38979,-0.38572,-0.47472,0.016814,0.70103,0.54267,0.91205,0.69036
0.54411,-0.05086,-0.33577,0.25479,0.098462,-0.27445,-0.10271,0.17657,0.81247,0.5144,1.0292,0.79198,0.38221,-0.38582,-0.57908,0.085418,0.70463,0.54565,0.8981,0.6817
0.54506,-0.053705,-0.37167,0.31732,0.185,-0.32868,-0.19283,0.2231,0.80321,0.51821,1.0098,0.80679,0.38602,-0.37582,-0.63691,0.16274,0.7128,0.55285,0.88409,0.6735
0.5493,-0.059824,-0.37132,0.37666,0.25012,-0.3382,-0.19021,0.24409,0.79741,0.52832,0.98877,0.82001,0.39658,-0.36979,-0.65841,0.23505,0.72172,0.56128,0.86942,0.66688
0.55269,-0.069718,-0.35854,0.4222,0.27816,-0.31912,-0.15636,0.24543,0.79475,0.53992,0.97207,0.82971,0.4085,-0.37498,-0.66139,0.29015,0.731,0.56467,0.85533,0.66558
0.55306,-0.079377,-0.34632,0.44952,0.27969,-0.31294,-0.13223,0.24742,0.7933,0.547,0.96181,0.83583,0.41728,-0.38852,-0.6587,0.32284,0.74155,0.55814,0.84447,0.67231
0.53332,-0.087621,-0.33923,0.46933,0.28093,-0.32291,-0.10511,0.24301,0.79653,0.54534,0.95557,0.84972,0.40701,-0.40741,-0.65846,0.3461,0.75446,0.54086,0.83983,0.66911
0.50075,-0.095125,-0.33662,0.47479,0.28527,-0.32236,-0.087123,0.22207,0.79167,0.53364,0.9498,0.85885,0.37894,-0.42648,-0.66143,0.35509,0.76654,0.51718,0.84079,0.67349
0.45992,-0.10423,-0.3336,0.47177,0.28548,-0.23869,-0.07864,0.1921,0.77857,0.51435,0.94231,0.86275,0.33222,-0.44392,-0.6623,0.35282,0.77362,0.49435,0.8448,0.68141
0.42439,-0.11873,-0.32646,0.46842,0.28548,-0.17037,-0.069668,0.19089,0.75926,0.49231,0.93268,0.86186,0.28463,-0.46399,-0.65627,0.3501,0.77621,0.47817,0.85087,0.69063
0.40574,-0.13893,-0.31184,0.46866,0.28548,-0.13171,-0.071926,0.19459,0.73669,0.47121,0.92095,0.85677,0.25083,-0.4891,-0.63748,0.35237,0.77958,0.47013,0.85897,0.70177
0.40646,-0.16371,-0.28891,0.47143,0.27995,-0.099899,-0.062471,0.20072,0.71314,0.45316,0.90549,0.84886,0.23331,-0.519,-0.60009,0.35729,0.78928,0.4663,0.86659,0.71631
0.4198,-0.19035,-0.25908,0.47459,0.29662,-0.087906,-0.031276,0.20606,0.69028,0.43928,0.88435,0.83997,0.22681,-0.54895,-0.54608,0.36206,0.80591,0.46173,0.86797,0.73363
0.43628,-0.21505,-0.23007,0.47621,0.34074,-0.080282,0.0048077,0.20857,0.67071,0.43197,0.85798,0.83186,0.22255,-0.57319,-0.49136,0.36402,0.82575,0.45441,0.85928,0.75138
0.44754,-0.23379,-0.20885,0.4723,0.38119,-0.077326,0.02433,0.19053,0.65912,0.43287,0.83153,0.82449,0.21379,-0.58797,-0.44871,0.35933,0.84344,0.44515,0.84166,0.76873
0.44921,-0.24563,-0.19969,0.4612,0.40096,-0.077326,0.024902,0.20722,0.65983,0.43914,0.81264,0.81568,0.19674,-0.59397,-0.4291,0.34614,0.85499,0.43577,0.82173,0.78592
0.44432,-0.25028,-0.20214,0.44031,0.4481,-0.077326,0.020244,0.27961,0.67196,0.4447,0.80629,0.80344,0.173,-0.59115,-0.43139,0.32037,0.85949,0.42607,0.80638,0.80308
0.47217,-0.24894,-0.21215,0.44673,0.44846,-0.077326,0.032953,0.31544,0.68798,0.44302,0.81006,0.78636,0.18762,-0.58244,-0.44963,0.30887,0.85879,0.41422,0.7984,0.81805
0.4617,-0.23818,-0.22147,0.40933,0.44846,-0.077326,0.065822,0.31521,0.68553,0.42974,0.81529,0.77155,0.1526,-0.55905,-0.47121,0.26324,0.86166,0.39856,0.79508,0.83101
0.44958,-0.2102,-0.22078,0.36123,0.43174,-0.075567,0.066749,0.31319,0.67936,0.40472,0.81355,0.7555,0.10174,-0.50693,-0.47707,0.20192,0.86353,0.37964,0.79047,0.84233
0.43917,-0.16073,-0.19337,0.31257,0.38633,-0.07382,0.052648,0.31272,0.67061,0.37241,0.80123,0.73931,0.037598,-0.42363,-0.43895,0.13717,0.86322,0.35896,0.77955,0.84874
0.43582,-0.098606,-0.12239,0.27634,0.32959,-0.082307,0.045606,0.31272,0.66178,0.33927,0.78052,0.72233,-0.026553,-0.3291,-0.33607,0.086389,0.86047,0.3381,0.75976,0.84857
0.44195,-0.040059,-0.012423,0.26078,0.30149,-0.097008,0.045606,0.31272,0.65531,0.31085,0.75798,0.7032,-0.074724,-0.24811,-0.18766,0.061498,0.85755,0.31599,0.73235,0.84393
0.45607,0.001441,0.1091,0.26391,0.27247,-0.11016,0.045606,0.31272,0.65327,0.28795,0.7413,0.68184,-0.093157,-0.19509,-0.033666,0.059641,0.85772,0.28987,0.70165,0.83979
0.47435,0.024175,0.21304,0.27961,0.24916,-0.11016,0.049013,0.31272,0.65793,0.26764,0.73611,0.66063,-0.081285,-0.16864,0.090653,0.072909,0.86173,0.25727,0.67203,0.8403
0.49255,0.034365,0.28447,0.30373,0.23772,-0.11945,0.063019,0.29933,0.6713,0.24699,0.74441,0.64697,-0.051549,-0.15741,0.17455,0.091716,0.86626,0.21669,0.64733,0.84531
0.50812,0.040892,0.32499,0.33568,0.23201,-0.14473,0.081095,0.28937,0.69473,0.22518,0.76686,0.64813,-0.012417,-0.14927,0.22078,0.11684,0.86572,0.17056,0.6337,0.85181
0.52235,0.0533,0.35869,0.37561,0.23201,-0.20148,0.095157,0.28119,0.72859,0.20398,0.80445,0.66545,0.035313,-0.13133,0.24785,0.14823,0.85764,0.12766,0.6393,0.85725
0,0,0,0,0,0,0,0,0,0,0,0,0,0,0,0,0,0,0,0
0,0,0,0,0,0,0,0,0,0,0,0,0,0,0,0,0,0,0,0
0,0,0,0,0,0,0,0,0,0,0,0,0,0,0,0,0,0,0,0
0,0,0,0,0,0,0,0,0,0,0,0,0,0,0,0,0,0,0,0
0,0,0,0,0,0,0,0,0,0,0,0,0,0,0,0,0,0,0,0
0,0,0,0,0,0,0,0,0,0,0,0,0,0,0,0,0,0,0,0
0,0,0,0,0,0,0,0,0,0,0,0,0,0,0,0,0,0,0,0
0,0,0,0,0,0,0,0,0,0,0,0,0,0,0,0,0,0,0,0
0,0,0,0,0,0,0,0,0,0,0,0,0,0,0,0,0,0,0,0
0,0,0,0,0,0,0,0,0,0,0,0,0,0,0,0,0,0,0,0
0,0,0,0,0,0,0,0,0,0,0,0,0,0,0,0,0,0,0,0
0,0,0,0,0,0,0,0,0,0,0,0,0,0,0,0,0,0,0,0
0,0,0,0,0,0,0,0,0,0,0,0,0,0,0,0,0,0,0,0
0,0,0,0,0,0,0,0,0,0,0,0,0,0,0,0,0,0,0,0
0,0,0,0,0,0,0,0,0,0,0,0,0,0,0,0,0,0,0,0
0,0,0,0,0,0,0,0,0,0,0,0,0,0,0,0,0,0,0,0
0,0,0,0,0,0,0,0,0,0,0,0,0,0,0,0,0,0,0,0
0,0,0,0,0,0,0,0,0,0,0,0,0,0,0,0,0,0,0,0
0,0,0,0,0,0,0,0,0,0,0,0,0,0,0,0,0,0,0,0
0,0,0,0,0,0,0,0,0,0,0,0,0,0,0,0,0,0,0,0
0,0,0,0,0,0,0,0,0,0,0,0,0,0,0,0,0,0,0,0
0,0,0,0,0,0,0,0,0,0,0,0,0,0,0,0,0,0,0,0
0,0,0,0,0,0,0,0,0,0,0,0,0,0,0,0,0,0,0,0
0,0,0,0,0,0,0,0,0,0,0,0,0,0,0,0,0,0,0,0
0,0,0,0,0,0,0,0,0,0,0,0,0,0,0,0,0,0,0,0
0,0,0,0,0,0,0,0,0,0,0,0,0,0,0,0,0,0,0,0
0,0,0,0,0,0,0,0,0,0,0,0,0,0,0,0,0,0,0,0
0,0,0,0,0,0,0,0,0,0,0,0,0,0,0,0,0,0,0,0
0,0,0,0,0,0,0,0,0,0,0,0,0,0,0,0,0,0,0,0
0,0,0,0,0,0,0,0,0,0,0,0,0,0,0,0,0,0,0,0
0,0,0,0,0,0,0,0,0,0,0,0,0,0,0,0,0,0,0,0
0,0,0,0,0,0,0,0,0,0,0,0,0,0,0,0,0,0,0,0
0,0,0,0,0,0,0,0,0,0,0,0,0,0,0,0,0,0,0,0
0,0,0,0,0,0,0,0,0,0,0,0,0,0,0,0,0,0,0,0
0,0,0,0,0,0,0,0,0,0,0,0,0,0,0,0,0,0,0,0
0,0,0,0,0,0,0,0,0,0,0,0,0,0,0,0,0,0,0,0
0,0,0,0,0,0,0,0,0,0,0,0,0,0,0,0,0,0,0,0
0,0,0,0,0,0,0,0,0,0,0,0,0,0,0,0,0,0,0,0
0,0,0,0,0,0,0,0,0,0,0,0,0,0,0,0,0,0,0,0
0,0,0,0,0,0,0,0,0,0,0,0,0,0,0,0,0,0,0,0
0,0,0,0,0,0,0,0,0,0,0,0,0,0,0,0,0,0,0,0
0,0,0,0,0,0,0,0,0,0,0,0,0,0,0,0,0,0,0,0
1.5844,1.0448,1.1463,1.6952,0.011636,0.50553,0.56677,0.36146,0.88018,0.34667,0.79787,0.45425,1.55,0.90773,1.0259,1.6581,0.34539,0.074051,0.74596,0.69266
1.8342,0.95858,1.0629,1.9219,0.054771,0.50553,0.55062,0.52978,0.87265,0.32546,0.78828,0.44156,1.7978,0.82286,0.95285,1.887,0.33266,0.060384,0.72015,0.66898
2.0021,0.84303,0.96338,2.0742,0.075417,0.49098,0.48541,0.62039,0.85943,0.29337,0.77128,0.44496,1.9636,0.71107,0.86514,2.0401,0.3345,0.042666,0.67977,0.66156
2.1003,0.69605,0.85511,2.1623,0.10165,0.42167,0.34659,0.64586,0.84858,0.24725,0.75013,0.45798,2.0595,0.56736,0.76638,2.128,0.33912,0.022333,0.62579,0.66744
2.1427,0.5238,0.747,2.199,0.10165,0.27562,0.2135,0.64586,0.84498,0.1907,0.72738,0.47256,2.0999,0.38968,0.66229,2.1639,0.33903,6.7435e-05,0.56449,0.68338
2.1445,0.35419,0.65277,2.1985,0.10165,0.083324,0.16332,0.64586,0.84572,0.13209,0.70399,0.48305,2.0999,0.19953,0.56623,2.1622,0.33376,-0.023556,0.50392,0.70573
2.1215,0.24353,0.58872,2.1754,0.12629,-0.15059,0.12869,0.64586,0.84437,0.077806,0.67904,0.48829,2.0754,0.061749,0.49824,2.1376,0.32955,-0.048431,0.45031,0.73002
2.1215,0.22658,0.56175,2.1754,0.12629,-0.22105,0.10315,0.64586,0.84437,0.027537,0.65352,0.48829,2.0754,0.031541,0.46789,2.1376,0.32955,-0.074182,0.40788,0.73002
2.1215,0.26016,0.56438,2.1754,0.12629,-0.25953,0.1061,0.64586,0.84437,-0.020838,0.63437,0.48829,2.0754,0.067152,0.46822,2.1376,0.32955,-0.097254,0.38447,0.73002
2.1215,0.2977,0.58852,2.1754,0.12629,-0.2477,0.15584,0.64586,0.84437,-0.066491,0.63329,0.48829,2.0754,0.10732,0.48745,2.1376,0.32955,-0.10276,0.39653,0.73002
2.1215,0.32642,0.6454,2.1754,0.12629,0.016097,0.34315,0.64586,0.84437,-0.095045,0.65661,0.48829,2.0754,0.13302,0.53888,2.1376,0.32955,-0.067942,0.45311,0.73002
2.1215,0.35985,0.74411,2.1754,0.12629,0.26109,0.46321,0.64586,0.84437,-0.082673,0.69498,0.48829,2.0754,0.16253,0.63487,2.1376,0.32955,0.012257,0.53954,0.73002
2.1654,0.40586,0.86622,2.2191,0.11665,0.40728,0.50227,0.63519,0.84476,-0.02268,0.73353,0.48262,2.1194,0.20647,0.76049,2.1814,0.30247,0.11236,0.62978,0.71489
0,0,0,0,0,0,0,0,0,0,0,0,0,0,0,0,0,0,0,0
0,0,0,0,0,0,0,0,0,0,0,0,0,0,0,0,0,0,0,0
0,0,0,0,0,0,0,0,0,0,0,0,0,0,0,0,0,0,0,0
0,0,0,0,0,0,0,0,0,0,0,0,0,0,0,0,0,0,0,0
0,0,0,0,0,0,0,0,0,0,0,0,0,0,0,0,0,0,0,0
0,0,0,0,0,0,0,0,0,0,0,0,0,0,0,0,0,0,0,0
0,0,0,0,0,0,0,0,0,0,0,0,0,0,0,0,0,0,0,0
0,0,0,0,0,0,0,0,0,0,0,0,0,0,0,0,0,0,0,0
0,0,0,0,0,0,0,0,0,0,0,0,0,0,0,0,0,0,0,0
0,0,0,0,0,0,0,0,0,0,0,0,0,0,0,0,0,0,0,0
0,0,0,0,0,0,0,0,0,0,0,0,0,0,0,0,0,0,0,0
0,0,0,0,0,0,0,0,0,0,0,0,0,0,0,0,0,0,0,0
0,0,0,0,0,0,0,0,0,0,0,0,0,0,0,0,0,0,0,0
0,0,0,0,0,0,0,0,0,0,0,0,0,0,0,0,0,0,0,0
0,0,0,0,0,0,0,0,0,0,0,0,0,0,0,0,0,0,0,0
0,0,0,0,0,0,0,0,0,0,0,0,0,0,0,0,0,0,0,0
0,0,0,0,0,0,0,0,0,0,0,0,0,0,0,0,0,0,0,0
0,0,0,0,0,0,0,0,0,0,0,0,0,0,0,0,0,0,0,0
0,0,0,0,0,0,0,0,0,0,0,0,0,0,0,0,0,0,0,0
0,0,0,0,0,0,0,0,0,0,0,0,0,0,0,0,0,0,0,0
0,0,0,0,0,0,0,0,0,0,0,0,0,0,0,0,0,0,0,0
0,0,0,0,0,0,0,0,0,0,0,0,0,0,0,0,0,0,0,0
0,0,0,0,0,0,0,0,0,0,0,0,0,0,0,0,0,0,0,0
0,0,0,0,0,0,0,0,0,0,0,0,0,0,0,0,0,0,0,0
0,0,0,0,0,0,0,0,0,0,0,0,0,0,0,0,0,0,0,0
0,0,0,0,0,0,0,0,0,0,0,0,0,0,0,0,0,0,0,0
0,0,0,0,0,0,0,0,0,0,0,0,0,0,0,0,0,0,0,0
0,0,0,0,0,0,0,0,0,0,0,0,0,0,0,0,0,0,0,0
0,0,0,0,0,0,0,0,0,0,0,0,0,0,0,0,0,0,0,0
0,0,0,0,0,0,0,0,0,0,0,0,0,0,0,0,0,0,0,0
0,0,0,0,0,0,0,0,0,0,0,0,0,0,0,0,0,0,0,0
0,0,0,0,0,0,0,0,0,0,0,0,0,0,0,0,0,0,0,0
0,0,0,0,0,0,0,0,0,0,0,0,0,0,0,0,0,0,0,0
0,0,0,0,0,0,0,0,0,0,0,0,0,0,0,0,0,0,0,0
0,0,0,0,0,0,0,0,0,0,0,0,0,0,0,0,0,0,0,0
0,0,0,0,0,0,0,0,0,0,0,0,0,0,0,0,0,0,0,0
0,0,0,0,0,0,0,0,0,0,0,0,0,0,0,0,0,0,0,0
0,0,0,0,0,0,0,0,0,0,0,0,0,0,0,0,0,0,0,0
0,0,0,0,0,0,0,0,0,0,0,0,0,0,0,0,0,0,0,0
0,0,0,0,0,0,0,0,0,0,0,0,0,0,0,0,0,0,0,0
0,0,0,0,0,0,0,0,0,0,0,0,0,0,0,0,0,0,0,0
0,0,0,0,0,0,0,0,0,0,0,0,0,0,0,0,0,0,0,0
0,0,0,0,0,0,0,0,0,0,0,0,0,0,0,0,0,0,0,0
0,0,0,0,0,0,0,0,0,0,0,0,0,0,0,0,0,0,0,0
0,0,0,0,0,0,0,0,0,0,0,0,0,0,0,0,0,0,0,0
0,0,0,0,0,0,0,0,0,0,0,0,0,0,0,0,0,0,0,0
0.085693,0.23015,1.0953,0.37697,0.37851,-0.093718,0.28645,0.28353,0.97075,0.37493,1.0274,0.7711,-0.23189,-0.092865,0.99693,-0.1128,0.79617,0.57757,1.1497,0.85153
0,0,0,0,0,0,0,0,0,0,0,0,0,0,0,0,0,0,0,0
0,0,0,0,0,0,0,0,0,0,0,0,0,0,0,0,0,0,0,0
0,0,0,0,0,0,0,0,0,0,0,0,0,0,0,0,0,0,0,0
0,0,0,0,0,0,0,0,0,0,0,0,0,0,0,0,0,0,0,0
0,0,0,0,0,0,0,0,0,0,0,0,0,0,0,0,0,0,0,0
0,0,0,0,0,0,0,0,0,0,0,0,0,0,0,0,0,0,0,0
0,0,0,0,0,0,0,0,0,0,0,0,0,0,0,0,0,0,0,0
0,0,0,0,0,0,0,0,0,0,0,0,0,0,0,0,0,0,0,0
0,0,0,0,0,0,0,0,0,0,0,0,0,0,0,0,0,0,0,0
0,0,0,0,0,0,0,0,0,0,0,0,0,0,0,0,0,0,0,0
0,0,0,0,0,0,0,0,0,0,0,0,0,0,0,0,0,0,0,0
0,0,0,0,0,0,0,0,0,0,0,0,0,0,0,0,0,0,0,0
0,0,0,0,0,0,0,0,0,0,0,0,0,0,0,0,0,0,0,0
0,0,0,0,0,0,0,0,0,0,0,0,0,0,0,0,0,0,0,0
0,0,0,0,0,0,0,0,0,0,0,0,0,0,0,0,0,0,0,0
0,0,0,0,0,0,0,0,0,0,0,0,0,0,0,0,0,0,0,0
0,0,0,0,0,0,0,0,0,0,0,0,0,0,0,0,0,0,0,0
0,0,0,0,0,0,0,0,0,0,0,0,0,0,0,0,0,0,0,0
0,0,0,0,0,0,0,0,0,0,0,0,0,0,0,0,0,0,0,0
0,0,0,0,0,0,0,0,0,0,0,0,0,0,0,0,0,0,0,0
0,0,0,0,0,0,0,0,0,0,0,0,0,0,0,0,0,0,0,0
0,0,0,0,0,0,0,0,0,0,0,0,0,0,0,0,0,0,0,0
0,0,0,0,0,0,0,0,0,0,0,0,0,0,0,0,0,0,0,0
0,0,0,0,0,0,0,0,0,0,0,0,0,0,0,0,0,0,0,0
0,0,0,0,0,0,0,0,0,0,0,0,0,0,0,0,0,0,0,0
0,0,0,0,0,0,0,0,0,0,0,0,0,0,0,0,0,0,0,0
0,0,0,0,0,0,0,0,0,0,0,0,0,0,0,0,0,0,0,0
0,0,0,0,0,0,0,0,0,0,0,0,0,0,0,0,0,0,0,0
0,0,0,0,0,0,0,0,0,0,0,0,0,0,0,0,0,0,0,0
0,0,0,0,0,0,0,0,0,0,0,0,0,0,0,0,0,0,0,0
0,0,0,0,0,0,0,0,0,0,0,0,0,0,0,0,0,0,0,0
0,0,0,0,0,0,0,0,0,0,0,0,0,0,0,0,0,0,0,0
0,0,0,0,0,0,0,0,0,0,0,0,0,0,0,0,0,0,0,0
0,0,0,0,0,0,0,0,0,0,0,0,0,0,0,0,0,0,0,0
0,0,0,0,0,0,0,0,0,0,0,0,0,0,0,0,0,0,0,0
0.00064634,0.096822,0.90823,0.35986,0.24222,0.39157,-0.1774,0.25132,1.0843,0.54729,1.1309,1.0567,-0.8279,-0.14117,0.80611,-0.11885,0.47279,0.3991,1.0925,0.70287
0.13541,0.077861,0.86534,0.35498,0.31418,0.40787,-0.1774,0.25187,1.0657,0.5608,1.1161,1.0549,-0.6429,-0.1701,0.77106,-0.090665,0.48632,0.4015,1.0755,0.71067
0.28239,0.063236,0.78428,0.36603,0.34876,0.41598,-0.1774,0.29455,1.0434,0.56717,1.0859,1.0436,-0.35071,-0.1966,0.69742,-0.021561,0.50592,0.38825,1.0447,0.70814
0.41158,0.048697,0.65671,0.39604,0.38071,0.39657,-0.18202,0.32753,1.0187,0.56643,1.0445,1.0271,-0.08328,-0.2289,0.57394,0.075951,0.52866,0.36035,1.0014,0.69788
0.50782,0.03337,0.48448,0.43522,0.3962,0.33588,-0.19219,0.3413,0.99219,0.5599,1.0019,1.009,0.11216,-0.26467,0.39859,0.17275,0.55199,0.32414,0.95194,0.68606
0.56887,0.022823,0.28962,0.46586,0.39983,0.23357,-0.19219,0.35638,0.96419,0.5482,0.96914,0.99103,0.23888,-0.286,0.18434,0.23901,0.57435,0.28981,0.90503,0.67797
0.60077,0.022553,0.13588,0.48,0.39983,0.13554,-0.16915,0.37325,0.93608,0.53137,0.95112,0.97396,0.31123,-0.2817,-0.015157,0.26738,0.59275,0.26654,0.86761,0.67583
0.61774,0.043686,0.11797,0.48343,0.39983,0.073144,-0.0084642,0.40294,0.90953,0.51115,0.94483,0.95747,0.35488,-0.24086,-0.1034,0.26591,0.6065,0.26009,0.84197,0.67896
0.6408,0.096485,0.24389,0.4914,0.40044,0.02823,0.23343,0.41909,0.8869,0.49176,0.94333,0.94244,0.4002,-0.15722,-0.023574,0.25183,0.61786,0.2689,0.82525,0.68511
0.70936,0.17365,0.41402,0.55369,0.42596,0.064748,0.39453,0.41909,0.87055,0.47789,0.94212,0.93092,0.48901,-0.045172,0.13758,0.28997,0.62927,0.28646,0.81229,0.69205
0.70936,0.25268,0.55891,0.55369,0.42596,0.10537,0.45534,0.41909,0.87055,0.46984,0.93836,0.93092,0.48901,0.064268,0.28914,0.28997,0.62927,0.30369,0.79889,0.69205
0.70936,0.31573,0.66165,0.55369,0.42596,0.11317,0.45583,0.41909,0.87055,0.46319,0.93208,0.93092,0.48901,0.14707,0.40232,0.28997,0.62927,0.31271,0.78308,0.69205
0.73815,0.35993,0.72947,0.56652,0.42596,0.11317,0.45583,0.41771,0.84702,0.45266,0.92299,0.92546,0.51992,0.20133,0.47997,0.31153,0.63858,0.30956,0.76685,0.69371
0.77134,0.39318,0.77692,0.58006,0.42596,0.11317,0.45583,0.41771,0.81287,0.43517,0.91008,0.91163,0.55681,0.23696,0.53633,0.33573,0.65159,0.2934,0.7524,0.69543
0.80691,0.42276,0.81544,0.59671,0.42596,0.11317,0.45583,0.41348,0.77141,0.41038,0.89186,0.88934,0.59794,0.26589,0.58335,0.36348,0.66744,0.26621,0.73846,0.69339
0.84211,0.44808,0.84842,0.61815,0.41144,0.11317,0.45583,0.39986,0.72625,0.37925,0.86764,0.86069,0.64222,0.29053,0.62409,0.39414,0.68406,0.23066,0.72057,0.68716
0.8732,0.46406,0.87322,0.64341,0.3845,0.11317,0.4583,0.38849,0.68038,0.34263,0.83983,0.8305,0.68735,0.30655,0.65563,0.42505,0.69942,0.1902,0.69496,0.68
0.89588,0.47039,0.88747,0.66788,0.34675,0.098362,0.47501,0.37465,0.63478,0.30189,0.81418,0.80377,0.72785,0.31392,0.67428,0.44798,0.71275,0.14952,0.66285,0.67777
0.90773,0.47172,0.89422,0.68568,0.30071,0.062625,0.48337,0.36356,0.59124,0.25913,0.80055,0.78257,0.75719,0.31717,0.6831,0.45252,0.72313,0.11579,0.63683,0.68516
0.91185,0.47264,0.89839,0.6942,0.27418,0.040057,0.50612,0.33992,0.55431,0.21747,0.80999,0.76663,0.77415,0.31967,0.6881,0.42937,0.72992,0.099803,0.64182,0.70147
0,0,0,0,0,0,0,0,0,0,0,0,0,0,0,0,0,0,0,0
0,0,0,0,0,0,0,0,0,0,0,0,0,0,0,0,0,0,0,0
0,0,0,0,0,0,0,0,0,0,0,0,0,0,0,0,0,0,0,0
0,0,0,0,0,0,0,0,0,0,0,0,0,0,0,0,0,0,0,0
0,0,0,0,0,0,0,0,0,0,0,0,0,0,0,0,0,0,0,0
0,0,0,0,0,0,0,0,0,0,0,0,0,0,0,0,0,0,0,0
0,0,0,0,0,0,0,0,0,0,0,0,0,0,0,0,0,0,0,0
0,0,0,0,0,0,0,0,0,0,0,0,0,0,0,0,0,0,0,0
0,0,0,0,0,0,0,0,0,0,0,0,0,0,0,0,0,0,0,0
0,0,0,0,0,0,0,0,0,0,0,0,0,0,0,0,0,0,0,0
0,0,0,0,0,0,0,0,0,0,0,0,0,0,0,0,0,0,0,0
0,0,0,0,0,0,0,0,0,0,0,0,0,0,0,0,0,0,0,0
0,0,0,0,0,0,0,0,0,0,0,0,0,0,0,0,0,0,0,0
0,0,0,0,0,0,0,0,0,0,0,0,0,0,0,0,0,0,0,0
0,0,0,0,0,0,0,0,0,0,0,0,0,0,0,0,0,0,0,0
1.0605,0.56433,1.0393,0.62615,0.43508,0.18935,0.53681,-0.058954,0.69291,0.50666,1.1976,0.80399,0.76424,0.39372,0.89375,0.3531,0.58476,0.69766,1.378,0.69323
0.99505,0.56186,1.0166,0.58756,0.44393,0.18935,0.53681,-0.022985,0.69005,0.5213,1.1699,0.81064,0.69857,0.39783,0.87169,0.27156,0.56698,0.67696,1.3403,0.67067
0.93599,0.55435,0.96748,0.55058,0.44548,0.18935,0.53681,0.021576,0.68526,0.52428,1.1341,0.81799,0.63749,0.40143,0.82324,0.20746,0.54754,0.6327,1.2713,0.65074
0.88513,0.54499,0.88597,0.51771,0.44548,0.17758,0.50485,0.047009,0.67828,0.51258,1.0971,0.82536,0.58268,0.40637,0.73976,0.16573,0.5255,0.56103,1.1714,0.63413
0.84426,0.53747,0.77894,0.49783,0.44548,0.16909,0.48632,0.10112,0.6689,0.49023,1.0682,0.83139,0.53592,0.41157,0.62445,0.15236,0.50172,0.46658,1.0538,0.62321
0.81599,0.53952,0.6809,0.50183,0.44548,0.17082,0.49052,0.18212,0.66034,0.46596,1.0519,0.83506,0.5044,0.42095,0.50818,0.17233,0.47792,0.36521,0.94552,0.61791
0.80142,0.55682,0.64302,0.52987,0.44548,0.13315,0.50302,0.26199,0.65726,0.44811,1.0455,0.83619,0.49442,0.43982,0.45063,0.217,0.45678,0.2795,0.87016,0.61528
0.79712,0.58641,0.67165,0.57042,0.4491,0.061907,0.52933,0.31377,0.66372,0.43849,1.0417,0.83537,0.50447,0.4679,0.47108,0.2659,0.44094,0.22391,0.82716,0.61284
0.79834,0.6148,0.72161,0.61708,0.44962,0.051981,0.5405,0.34591,0.67951,0.43257,1.0346,0.83374,0.52173,0.49504,0.52068,0.33237,0.43328,0.19418,0.80107,0.61076
0.81447,0.62592,0.75457,0.68023,0.44962,0.069144,0.54501,0.35808,0.69764,0.42605,1.0239,0.83258,0.55993,0.50568,0.55519,0.43361,0.43496,0.17956,0.78548,0.61004
0.81447,0.61025,0.7607,0.68023,0.44962,0.096987,0.54501,0.35808,0.69764,0.41968,1.0148,0.83258,0.55993,0.48919,0.56166,0.43361,0.43496,0.17445,0.78385,0.61004
0.81447,0.56782,0.74328,0.68023,0.44962,0.13037,0.54501,0.35808,0.69764,0.41673,1.0136,0.83258,0.55993,0.44376,0.54227,0.43361,0.43496,0.17764,0.79804,0.61004
0.76037,0.51185,0.71538,0.6739,0.36156,0.17364,0.54501,0.35808,0.69797,0.41996,1.0226,0.83676,0.51843,0.38099,0.50877,0.41295,0.41343,0.18863,0.8254,0.59169
0.69922,0.46219,0.69135,0.67552,0.23878,0.20004,0.53111,0.33409,0.69815,0.42892,1.0386,0.84029,0.46907,0.31951,0.47634,0.412,0.39101,0.20636,0.86006,0.5781
0.65237,0.43456,0.6799,0.68483,0.19969,0.22694,0.4991,0.32877,0.69867,0.44115,1.0567,0.84284,0.4335,0.27733,0.45484,0.43052,0.36897,0.22767,0.89645,0.57043
0.63491,0.43001,0.68262,0.70226,0.17664,0.25716,0.45772,0.32633,0.69973,0.45389,1.072,0.8447,0.42505,0.25969,0.45131,0.4651,0.34715,0.249,0.93054,0.56724
0.64553,0.44027,0.69561,0.72948,0.1616,0.26709,0.43383,0.31936,0.70232,0.46598,1.0821,0.84574,0.44357,0.26111,0.46243,0.51085,0.32592,0.26653,0.96115,0.56734
0,0,0,0,0,0,0,0,0,0,0,0,0,0,0,0,0,0,0,0
0,0,0,0,0,0,0,0,0,0,0,0,0,0,0,0,0,0,0,0
0,0,0,0,0,0,0,0,0,0,0,0,0,0,0,0,0,0,0,0
0,0,0,0,0,0,0,0,0,0,0,0,0,0,0,0,0,0,0,0
0,0,0,0,0,0,0,0,0,0,0,0,0,0,0,0,0,0,0,0
0,0,0,0,0,0,0,0,0,0,0,0,0,0,0,0,0,0,0,0
0,0,0,0,0,0,0,0,0,0,0,0,0,0,0,0,0,0,0,0
0,0,0,0,0,0,0,0,0,0,0,0,0,0,0,0,0,0,0,0
0,0,0,0,0,0,0,0,0,0,0,0,0,0,0,0,0,0,0,0
0,0,0,0,0,0,0,0,0,0,0,0,0,0,0,0,0,0,0,0
0,0,0,0,0,0,0,0,0,0,0,0,0,0,0,0,0,0,0,0
0,0,0,0,0,0,0,0,0,0,0,0,0,0,0,0,0,0,0,0
0,0,0,0,0,0,0,0,0,0,0,0,0,0,0,0,0,0,0,0
0,0,0,0,0,0,0,0,0,0,0,0,0,0,0,0,0,0,0,0
0,0,0,0,0,0,0,0,0,0,0,0,0,0,0,0,0,0,0,0
0,0,0,0,0,0,0,0,0,0,0,0,0,0,0,0,0,0,0,0
0,0,0,0,0,0,0,0,0,0,0,0,0,0,0,0,0,0,0,0
0,0,0,0,0,0,0,0,0,0,0,0,0,0,0,0,0,0,0,0
0,0,0,0,0,0,0,0,0,0,0,0,0,0,0,0,0,0,0,0
0,0,0,0,0,0,0,0,0,0,0,0,0,0,0,0,0,0,0,0
0,0,0,0,0,0,0,0,0,0,0,0,0,0,0,0,0,0,0,0
0,0,0,0,0,0,0,0,0,0,0,0,0,0,0,0,0,0,0,0
0,0,0,0,0,0,0,0,0,0,0,0,0,0,0,0,0,0,0,0
0,0,0,0,0,0,0,0,0,0,0,0,0,0,0,0,0,0,0,0
0,0,0,0,0,0,0,0,0,0,0,0,0,0,0,0,0,0,0,0
0,0,0,0,0,0,0,0,0,0,0,0,0,0,0,0,0,0,0,0
0,0,0,0,0,0,0,0,0,0,0,0,0,0,0,0,0,0,0,0
0,0,0,0,0,0,0,0,0,0,0,0,0,0,0,0,0,0,0,0
0,0,0,0,0,0,0,0,0,0,0,0,0,0,0,0,0,0,0,0
0,0,0,0,0,0,0,0,0,0,0,0,0,0,0,0,0,0,0,0
0,0,0,0,0,0,0,0,0,0,0,0,0,0,0,0,0,0,0,0
0,0,0,0,0,0,0,0,0,0,0,0,0,0,0,0,0,0,0,0
0,0,0,0,0,0,0,0,0,0,0,0,0,0,0,0,0,0,0,0
0,0,0,0,0,0,0,0,0,0,0,0,0,0,0,0,0,0,0,0
0,0,0,0,0,0,0,0,0,0,0,0,0,0,0,0,0,0,0,0
0,0,0,0,0,0,0,0,0,0,0,0,0,0,0,0,0,0,0,0
0,0,0,0,0,0,0,0,0,0,0,0,0,0,0,0,0,0,0,0
0,0,0,0,0,0,0,0,0,0,0,0,0,0,0,0,0,0,0,0
0,0,0,0,0,0,0,0,0,0,0,0,0,0,0,0,0,0,0,0
0,0,0,0,0,0,0,0,0,0,0,0,0,0,0,0,0,0,0,0
0,0,0,0,0,0,0,0,0,0,0,0,0,0,0,0,0,0,0,0
0,0,0,0,0,0,0,0,0,0,0,0,0,0,0,0,0,0,0,0
0,0,0,0,0,0,0,0,0,0,0,0,0,0,0,0,0,0,0,0
0,0,0,0,0,0,0,0,0,0,0,0,0,0,0,0,0,0,0,0
0,0,0,0,0,0,0,0,0,0,0,0,0,0,0,0,0,0,0,0
0,0,0,0,0,0,0,0,0,0,0,0,0,0,0,0,0,0,0,0
0,0,0,0,0,0,0,0,0,0,0,0,0,0,0,0,0,0,0,0
0,0,0,0,0,0,0,0,0,0,0,0,0,0,0,0,0,0,0,0
0,0,0,0,0,0,0,0,0,0,0,0,0,0,0,0,0,0,0,0
0,0,0,0,0,0,0,0,0,0,0,0,0,0,0,0,0,0,0,0
0,0,0,0,0,0,0,0,0,0,0,0,0,0,0,0,0,0,0,0
1.1018,0.99515,1.1788,0.91141,0.07701,0.32351,0.67698,0.052308,0.57647,0.59145,1.1722,0.53564,1.0043,0.94413,1.1254,0.72463,0.51428,0.57076,0.9111,0.43354
1.1025,0.91015,1.0723,0.9421,0.07701,0.32351,0.64638,0.20484,0.56835,0.59952,1.1842,0.55965,1.0088,0.85349,1.0157,0.70534,0.50927,0.55527,0.90371,0.42798
1.1097,0.78326,0.91571,0.96463,0.07701,0.32321,0.5597,0.34098,0.57213,0.60145,1.1918,0.58248,1.0209,0.71466,0.8493,0.68964,0.52013,0.53898,0.89754,0.42147
1.1178,0.61708,0.70969,0.97183,0.15451,0.31536,0.47211,0.42762,0.59377,0.59257,1.1895,0.59936,1.0336,0.52664,0.62244,0.6759,0.54982,0.52615,0.89247,0.41576
1.1197,0.43264,0.47305,0.96522,0.25577,0.31269,0.38459,0.49591,0.63195,0.57183,1.1748,0.60863,1.0385,0.30829,0.35002,0.66575,0.58912,0.51962,0.8862,0.40986
1.1135,0.27526,0.25173,0.95275,0.30989,0.28292,0.34058,0.5364,0.67607,0.54439,1.1498,0.61298,1.0342,0.11384,0.0909,0.66554,0.62712,0.51926,0.877,0.4017
1.1006,0.18117,0.080124,0.9429,0.31138,0.1792,0.33678,0.55156,0.71447,0.5193,1.1204,0.61687,1.022,-0.003137,-0.095238,0.67676,0.65625,0.52243,0.86566,0.38881
1.0836,0.13956,-0.055092,0.9384,0.31138,0.017817,0.34891,0.55156,0.74021,0.50371,1.0932,0.62249,1.005,-0.057403,-0.23566,0.69459,0.67511,0.52496,0.85461,0.37137
1.0637,0.12274,-0.15274,0.93512,0.31138,-0.16877,0.369,0.55156,0.75287,0.49754,1.0718,0.6281,0.98466,-0.084931,-0.33959,0.71012,0.68525,0.52261,0.84491,0.35104
1.0429,0.11791,-0.1847,0.93399,0.31138,-0.26162,0.39532,0.55156,0.75627,0.49609,1.0574,0.63081,0.96254,-0.10661,-0.3858,0.72482,0.68896,0.51401,0.83507,0.3305
1.0224,0.1222,-0.15232,0.93716,0.31138,-0.24366,0.40278,0.55156,0.75497,0.49507,1.0513,0.62905,0.93967,-0.12552,-0.36052,0.74239,0.68783,0.50046,0.82266,0.31268
1.0028,0.13687,-0.085306,0.94746,0.31138,-0.19514,0.40246,0.55156,0.75165,0.49408,1.0558,0.62439,0.91697,-0.13956,-0.2909,0.76688,0.68257,0.48405,0.80904,0.29963
0.97075,0.15899,-0.0070755,0.96632,0.30043,-0.18924,0.38217,0.55092,0.75329,0.49366,1.069,0.62703,0.88115,-0.14681,-0.20701,0.79193,0.68363,0.46576,0.79827,0.27904
0.93828,0.18207,0.067148,0.9867,0.31598,-0.17719,0.3772,0.55092,0.75705,0.49308,1.0849,0.6314,0.84717,-0.14745,-0.12701,0.82133,0.68103,0.44504,0.79527,0.26291
0.90522,0.19978,0.12898,1.0006,0.36045,-0.15372,0.38372,0.55638,0.76259,0.49221,1.0963,0.63701,0.81333,-0.14461,-0.062102,0.84548,0.67849,0.42196,0.80168,0.24834
0.86912,0.20998,0.17632,1.0044,0.40788,-0.11577,0.37192,0.56792,0.76952,0.4922,1.0985,0.64161,0.7752,-0.143,-0.016221,0.86002,0.67913,0.39772,0.81322,0.23621
0.82582,0.21506,0.21149,0.99948,0.45238,-0.064234,0.35494,0.56792,0.77776,0.49413,1.0915,0.64471,0.72661,-0.14299,0.012773,0.86701,0.68216,0.37457,0.82437,0.22868
0.77628,0.22228,0.24177,0.99034,0.47101,-0.060814,0.32662,0.56743,0.78608,0.49762,1.0784,0.64761,0.66764,-0.13587,0.032765,0.86862,0.68432,0.35369,0.83295,0.22705
0.73134,0.23479,0.27168,0.98134,0.48007,-0.075874,0.30967,0.55053,0.79212,0.50004,1.0636,0.65203,0.60874,-0.11976,0.046773,0.86588,0.68262,0.33517,0.84037,0.22981
0.71088,0.25187,0.30028,0.97398,0.49025,-0.062012,0.30639,0.52032,0.79327,0.49814,1.0506,0.65823,0.5741,-0.096059,0.054962,0.85779,0.67654,0.31688,0.84854,0.23564
0.71995,0.26827,0.32445,0.96625,0.48722,-0.03402,0.30639,0.47596,0.78835,0.48961,1.04,0.66437,0.57211,-0.069672,0.057852,0.84386,0.66697,0.2959,0.8575,0.24459
0.7442,0.27853,0.34013,0.95424,0.44848,-0.028732,0.30639,0.39707,0.77791,0.47446,1.0302,0.66812,0.58862,-0.048857,0.054105,0.82207,0.6568,0.27048,0.86546,0.25984
0.76328,0.27926,0.34661,0.93575,0.38147,-0.028732,0.3096,0.30412,0.76426,0.45588,1.0191,0.66849,0.59909,-0.039459,0.046981,0.79306,0.64886,0.24247,0.87076,0.28365
0.77051,0.27349,0.34991,0.91439,0.32465,-0.028732,0.36055,0.28842,0.7494,0.43963,1.0074,0.6663,0.59722,-0.039406,0.044508,0.76101,0.64522,0.21716,0.87364,0.31492
0.77489,0.27116,0.36949,0.89124,0.31922,-0.028732,0.45616,0.29384,0.73406,0.43063,0.99607,0.66483,0.59336,-0.037012,0.070732,0.72512,0.64577,0.20051,0.87541,0.34858
0.79723,0.29096,0.44014,0.8677,0.33908,0.006559,0.58462,0.29914,0.71843,0.42874,0.98328,0.66782,0.61671,-0.0028799,0.16777,0.68263,0.64889,0.19567,0.87672,0.37869
0.85148,0.34628,0.56625,0.84445,0.36841,0.11353,0.7081,0.28144,0.70385,0.4292,0.96494,0.6769,0.68527,0.083366,0.3288,0.62918,0.65368,0.20073,0.87578,0.40116
0.92971,0.431,0.70937,0.82562,0.39606,0.18684,0.76131,0.26356,0.69381,0.42682,0.93751,0.68984,0.78367,0.21018,0.5016,0.57041,0.66015,0.21044,0.87084,0.41542
1.0102,0.52385,0.83348,0.81639,0.42229,0.20524,0.77101,0.24325,0.69268,0.41915,0.90167,0.7024,0.88276,0.3421,0.64714,0.52215,0.66889,0.21937,0.86114,0.42359
1.0752,0.60432,0.92296,0.81712,0.50992,0.20881,0.77743,0.24191,0.70383,0.40497,0.86403,0.7111,0.96057,0.4519,0.75235,0.50087,0.68057,0.22339,0.84819,0.42802
1.1184,0.6624,0.97863,0.82254,0.53433,0.21411,0.77743,0.25969,0.72661,0.38427,0.83396,0.7155,1.0116,0.52968,0.81999,0.50773,0.69398,0.22218,0.8354,0.42963
1.1421,0.69836,1.0094,0.82568,0.53489,0.21411,0.77743,0.26541,0.75547,0.35828,0.8175,0.71693,1.0397,0.57742,0.85986,0.52705,0.70606,0.21805,0.82464,0.42787
0,0,0,0,0,0,0,0,0,0,0,0,0,0,0,0,0,0,0,0
0,0,0,0,0,0,0,0,0,0,0,0,0,0,0,0,0,0,0,0
0,0,0,0,0,0,0,0,0,0,0,0,0,0,0,0,0,0,0,0
0,0,0,0,0,0,0,0,0,0,0,0,0,0,0,0,0,0,0,0
0,0,0,0,0,0,0,0,0,0,0,0,0,0,0,0,0,0,0,0
0,0,0,0,0,0,0,0,0,0,0,0,0,0,0,0,0,0,0,0
0,0,0,0,0,0,0,0,0,0,0,0,0,0,0,0,0,0,0,0
0,0,0,0,0,0,0,0,0,0,0,0,0,0,0,0,0,0,0,0
0,0,0,0,0,0,0,0,0,0,0,0,0,0,0,0,0,0,0,0
0,0,0,0,0,0,0,0,0,0,0,0,0,0,0,0,0,0,0,0
0,0,0,0,0,0,0,0,0,0,0,0,0,0,0,0,0,0,0,0
0,0,0,0,0,0,0,0,0,0,0,0,0,0,0,0,0,0,0,0
0,0,0,0,0,0,0,0,0,0,0,0,0,0,0,0,0,0,0,0
0,0,0,0,0,0,0,0,0,0,0,0,0,0,0,0,0,0,0,0
0,0,0,0,0,0,0,0,0,0,0,0,0,0,0,0,0,0,0,0
0,0,0,0,0,0,0,0,0,0,0,0,0,0,0,0,0,0,0,0
0,0,0,0,0,0,0,0,0,0,0,0,0,0,0,0,0,0,0,0
0.59948,0.51191,0.5857,0.65483,0.37268,-0.37535,0.62579,0.61907,0.78943,-0.22077,0.30064,0.76492,0.16911,0.34295,0.39964,0.37149,0.59069,-0.45114,0.28686,0.77101
0.59666,0.46033,0.52946,0.63233,0.42033,-0.40818,0.6233,0.62385,0.77099,-0.32353,0.20658,0.78991,0.15025,0.28985,0.34096,0.32039,0.60018,-0.5387,0.25358,0.87636
0.58242,0.37814,0.45777,0.6053,0.43091,-0.44786,0.61755,0.64547,0.76006,-0.42336,0.1325,0.81879,0.12936,0.20308,0.26534,0.26827,0.62142,-0.61071,0.2381,0.93978
0.56151,0.26532,0.37947,0.57512,0.43091,-0.44786,0.60642,0.68995,0.75208,-0.4991,0.092154,0.84854,0.10362,0.078008,0.17726,0.21896,0.64554,-0.66414,0.23607,0.96819
0.53822,0.13255,0.30856,0.54281,0.43091,-0.44786,0.60642,0.74112,0.74232,-0.54163,0.082848,0.87445,0.072864,-0.079189,0.087956,0.17391,0.66213,-0.70307,0.23991,0.97354
0.51334,-0.00059988,0.24934,0.51068,0.43091,-0.44292,0.60642,0.76959,0.72978,-0.56061,0.090534,0.8947,0.038907,-0.24993,0.0021778,0.1362,0.66664,-0.73091,0.23882,0.96838
0.48631,-0.11438,0.188,0.48008,0.43091,-0.42775,0.60642,0.78058,0.71663,-0.57109,0.10022,0.91116,0.0052615,-0.40799,-0.089516,0.10572,0.66092,-0.75035,0.21995,0.96154
0.4594,-0.20049,0.10566,0.45134,0.43091,-0.42794,0.60642,0.78487,0.70725,-0.57935,0.10264,0.92711,-0.024114,-0.52949,-0.20258,0.080958,0.65131,-0.76467,0.174,0.95568
0.43847,-0.25749,-0.0067654,0.42525,0.43091,-0.46021,0.57437,0.78972,0.705,-0.58498,0.093045,0.94264,-0.040461,-0.60663,-0.34445,0.060063,0.64507,-0.77713,0.09991,0.94983
0.4287,-0.28636,-0.14177,0.40346,0.43091,-0.54623,0.43634,0.79269,0.70993,-0.58573,0.071419,0.95463,-0.036304,-0.63971,-0.50916,0.040517,0.64625,-0.78762,0.0073805,0.94262
0.43084,-0.29295,-0.26946,0.38707,0.43091,-0.66578,0.18613,0.7999,0.71801,-0.57955,0.042207,0.95978,-0.0083848,-0.64252,-0.66943,0.019545,0.6556,-0.79337,-0.083462,0.9336
0.43985,-0.28746,-0.36367,0.3754,0.43433,-0.78759,0.0098684,0.80314,0.72393,-0.56644,0.012124,0.95727,0.033732,-0.62801,-0.80724,-0.0023193,0.67224,-0.7933,-0.15129,0.92308
0.43511,-0.28202,-0.42844,0.32548,0.43324,-0.8858,-0.05635,0.79081,0.71487,-0.54765,-0.012295,0.96031,0.049249,-0.60937,-0.93304,-0.10941,0.69883,-0.78956,-0.1897,0.93121
0.42994,-0.28534,-0.48531,0.28471,0.44636,-0.85794,-0.08447,0.78158,0.70345,-0.52631,-0.028498,0.9583,0.081114,-0.59678,-1.0639,-0.19293,0.73171,-0.78714,-0.20794,0.9339
0.41265,-0.30098,-0.5375,0.24179,0.43152,-0.83281,-0.09174,0.74877,0.69398,-0.50692,-0.037714,0.95268,0.10331,-0.59422,-1.1723,-0.2618,0.76677,-0.79058,-0.21785,0.92596
0.38362,-0.32267,-0.57561,0.20273,0.41476,-0.81095,-0.09174,0.69733,0.6865,-0.49457,-0.042979,0.94439,0.1102,-0.59438,-1.2172,-0.30223,0.79838,-0.80325,-0.22635,0.90485
0.34855,-0.33982,-0.5887,0.17303,0.38073,-0.81044,-0.09174,0.66731,0.678,-0.49167,-0.048904,0.93339,0.10482,-0.58865,-1.182,-0.31257,0.8212,-0.82683,-0.23961,0.87391
0.31381,-0.34543,-0.58195,0.15754,0.32487,-0.80019,-0.09174,0.66731,0.66572,-0.49509,-0.057555,0.91927,0.093617,-0.57136,-1.1074,-0.30639,0.83273,-0.86105,-0.26109,0.84281
0.28225,-0.34136,-0.56852,0.15483,0.28733,-0.79323,-0.09174,0.66731,0.65151,-0.49778,-0.070487,0.9026,0.081898,-0.54674,-1.0346,-0.29958,0.8345,-0.90188,-0.29202,0.82232
0.25601,-0.33297,-0.5593,0.16034,0.27437,-0.79923,-0.11364,0.66807,0.64037,-0.49294,-0.090582,0.88566,0.075751,-0.52017,-0.97899,-0.3011,0.8323,-0.94141,-0.33166,0.81629
0.24136,-0.32052,-0.55794,0.16707,0.27437,-0.80959,-0.18142,0.67191,0.63628,-0.47973,-0.12127,0.87015,0.080896,-0.48995,-0.93969,-0.31549,0.8341,-0.96985,-0.3775,0.82064
0.24585,-0.30363,-0.56364,0.17064,0.27274,-0.77331,-0.28321,0.66729,0.63944,-0.46419,-0.16443,0.85505,0.098595,-0.45527,-0.91103,-0.33892,0.84579,-0.98244,-0.42442,0.82983
0.26801,-0.28578,-0.57444,0.17118,0.25715,-0.74176,-0.34123,0.64602,0.646,-0.45403,-0.21807,0.83682,0.12294,-0.42118,-0.88989,-0.36403,0.86663,-0.98112,-0.46728,0.84169
0.29449,-0.27328,-0.58735,0.16998,0.25029,-0.71702,-0.34669,0.62638,0.65061,-0.45322,-0.2751,0.81369,0.14177,-0.39609,-0.87473,-0.38166,0.89082,-0.97312,-0.50317,0.85554
0.30939,-0.26875,-0.59939,0.16823,0.26544,-0.70447,-0.35923,0.57881,0.64923,-0.46062,-0.32598,0.78787,0.14414,-0.38477,-0.86538,-0.38213,0.91218,-0.96532,-0.53485,0.86979
0.30247,-0.27015,-0.60918,0.16623,0.27301,-0.70198,-0.3894,0.52872,0.64066,-0.47315,-0.36496,0.76462,0.1221,-0.38685,-0.86182,-0.35835,0.92673,-0.96312,-0.56544,0.88249
0.27342,-0.27452,-0.615,0.16614,0.27615,-0.68765,-0.39661,0.52317,0.62723,-0.48854,-0.39316,0.74816,0.07538,-0.3987,-0.86084,-0.31333,0.93241,-0.96855,-0.59595,0.89305
0.23142,-0.27918,-0.61231,0.1751,0.27573,-0.68765,-0.40609,0.51995,0.61253,-0.50675,-0.4156,0.73909,0.010297,-0.41512,-0.85775,-0.25257,0.92851,-0.97928,-0.62437,0.90319
0.19241,-0.28323,-0.59531,0.19922,0.23303,-0.68765,-0.40807,0.52677,0.60005,-0.52862,-0.43431,0.73627,-0.061487,-0.43218,-0.84861,-0.18246,0.91529,-0.99025,-0.64773,0.9143
0.1705,-0.28657,-0.56394,0.23795,0.17241,-0.6843,-0.40807,0.58568,0.59167,-0.55367,-0.44834,0.73821,-0.12455,-0.44744,-0.83439,-0.10646,0.8946,-0.99651,-0.66469,0.92553
0.17081,-0.28848,-0.52722,0.28153,0.16526,-0.65042,-0.41517,0.65051,0.58886,-0.57967,-0.45533,0.74331,-0.16798,-0.45996,-0.82344,-0.030528,0.87054,-0.99724,-0.67725,0.93395
0.1893,-0.28794,-0.49764,0.32029,0.24169,-0.60919,-0.46096,0.70907,0.59314,-0.60402,-0.45633,0.74968,-0.18387,-0.47035,-0.82406,0.037507,0.84904,-0.99434,-0.68987,0.93733
0.21831,-0.28289,-0.48114,0.35137,0.29358,-0.58038,-0.45538,0.72542,0.6038,-0.62615,-0.45552,0.75606,-0.1716,-0.47973,-0.83978,0.097842,0.83475,-0.98849,-0.70644,0.93548
0.25105,-0.27408,-0.47671,0.37644,0.31242,-0.57432,-0.45076,0.71353,0.6175,-0.64859,-0.45663,0.76202,-0.13972,-0.49157,-0.86375,0.14883,0.8285,-0.97774,-0.72713,0.93021
0.28017,-0.26769,-0.47943,0.39787,0.31242,-0.57432,-0.45275,0.70359,0.63163,-0.67517,-0.46015,0.76809,-0.10501,-0.51283,-0.88735,0.18835,0.82693,-0.96185,-0.74929,0.92384
0.29857,-0.27096,-0.48553,0.41768,0.31242,-0.57746,-0.44753,0.69374,0.64428,-0.70792,-0.46546,0.77559,-0.083105,-0.55078,-0.90838,0.21625,0.82343,-0.94428,-0.77041,0.91723
0.30054,-0.28704,-0.49263,0.43797,0.31594,-0.58004,-0.43547,0.69077,0.65393,-0.74409,-0.47175,0.78594,-0.082905,-0.60902,-0.92915,0.23426,0.812,-0.9298,-0.7916,0.90857
0.28591,-0.31168,-0.49613,0.46042,0.32227,-0.58256,-0.43301,0.68495,0.65897,-0.7766,-0.47899,0.79818,-0.10245,-0.68216,-0.94191,0.24827,0.7905,-0.92062,-0.81576,0.89557
0.26123,-0.33517,-0.48615,0.48626,0.33978,-0.58644,-0.43482,0.68503,0.65963,-0.79844,-0.4877,0.80982,-0.12847,-0.75517,-0.9265,0.26636,0.76152,-0.91421,-0.84424,0.87811
0.23941,-0.35037,-0.45427,0.51486,0.35106,-0.58644,-0.40645,0.68795,0.65899,-0.80893,-0.49558,0.81839,-0.14047,-0.80746,-0.86966,0.29267,0.7315,-0.90639,-0.87062,0.85964
0.23179,-0.35739,-0.39986,0.5445,0.35444,-0.57761,-0.29504,0.71157,0.6627,-0.81405,-0.49337,0.8229,-0.12732,-0.82682,-0.7813,0.32508,0.70681,-0.89515,-0.88201,0.84541
0.23948,-0.36024,-0.32726,0.57224,0.36225,-0.53239,-0.059897,0.73693,0.67468,-0.82021,-0.45497,0.82423,-0.096401,-0.81755,-0.67976,0.35657,0.69076,-0.88323,-0.85269,0.84013
0.25452,-0.3634,-0.24097,0.59428,0.37293,-0.45956,0.22892,0.75971,0.69455,-0.82895,-0.36091,0.82517,-0.06241,-0.79649,-0.57582,0.38181,0.68215,-0.87563,-0.7687,0.84482
0.26824,-0.36962,-0.1517,0.60844,0.37293,-0.42485,0.42551,0.76983,0.71753,-0.83651,-0.22876,0.82708,-0.032083,-0.77838,-0.47908,0.3978,0.67885,-0.87512,-0.65107,0.85619
0.27619,-0.37889,-0.073817,0.61423,0.37293,-0.41771,0.51275,0.77046,0.73819,-0.83692,-0.094378,0.82993,-0.0090776,-0.77141,-0.40037,0.40313,0.67963,-0.88071,-0.53372,0.86905
0.27797,-0.39187,-0.018129,0.61262,0.37756,-0.41043,0.52826,0.77046,0.75324,-0.82486,0.020524,0.83354,0.0051744,-0.78021,-0.34631,0.3965,0.68286,-0.88851,-0.43824,0.87931
0.27356,-0.40908,0.013072,0.60667,0.40239,-0.42215,0.5292,0.78202,0.76112,-0.79962,0.11043,0.83753,0.0072941,-0.80399,-0.31726,0.3788,0.68594,-0.89495,-0.3694,0.8855
0.26372,-0.43304,0.024327,0.59791,0.40524,-0.43172,0.5292,0.79265,0.76276,-0.76643,0.1779,0.84092,-0.0034011,-0.83936,-0.30759,0.35151,0.68684,-0.89928,-0.32246,0.88854
0.24908,-0.4661,0.025976,0.58767,0.39535,-0.4385,0.5292,0.75884,0.75984,-0.73355,0.2284,0.84178,-0.02398,-0.88107,-0.30504,0.31887,0.68605,-0.90301,-0.28578,0.89098
0.23412,-0.50611,0.030942,0.5773,0.39338,-0.4507,0.5292,0.72652,0.75336,-0.70693,0.26948,0.83755,-0.046027,-0.92416,-0.30067,0.28886,0.68523,-0.90747,-0.24346,0.89547
0.22388,-0.54446,0.050634,0.56921,0.39338,-0.46748,0.5292,0.70566,0.74377,-0.68696,0.31056,0.82692,-0.063301,-0.96293,-0.28798,0.26742,0.68664,-0.91123,-0.17695,0.90231
0.22274,-0.56841,0.088859,0.56338,0.39338,-0.47226,0.53237,0.70566,0.73202,-0.66971,0.35747,0.80913,-0.072937,-0.98997,-0.26639,0.25611,0.69146,-0.9127,-0.08323,0.91068
0.23029,-0.57335,0.13757,0.55748,0.39338,-0.47226,0.55731,0.70566,0.72007,-0.6506,0.40871,0.78616,-0.07391,-1.0029,-0.24216,0.24887,0.69933,-0.91137,0.01953,0.91915
0.24363,-0.56388,0.18231,0.54892,0.38827,-0.46644,0.58475,0.70566,0.71013,-0.62902,0.45617,0.76247,-0.066201,-0.99809,-0.22592,0.23439,0.70666,-0.91014,0.1085,0.92621
0.25912,-0.5482,0.21178,0.53588,0.36734,-0.45805,0.58475,0.70566,0.70346,-0.60846,0.49152,0.74474,-0.054663,-0.97471,-0.2243,0.20363,0.70797,-0.91243,0.17127,0.93044
0.27442,-0.53184,0.22179,0.51695,0.35492,-0.45805,0.58475,0.70426,0.70024,-0.59247,0.5115,0.73806,-0.046043,-0.93881,-0.23893,0.15178,0.6996,-0.91932,0.20657,0.93104
0.28979,-0.51838,0.21302,0.49192,0.35492,-0.45805,0.58475,0.68059,0.70068,-0.58241,0.51623,0.74381,-0.046063,-0.90356,-0.26951,0.080676,0.68359,-0.92826,0.21962,0.92602
0.30739,-0.50797,0.18685,0.46111,0.34387,-0.46647,0.58475,0.67168,0.70432,-0.57695,0.50716,0.75951,-0.051985,-0.87888,-0.31758,-0.0064744,0.66832,-0.93498,0.21748,0.91344
0.32793,-0.49663,0.14487,0.42537,0.32922,-0.49648,0.58475,0.66662,0.70926,-0.57383,0.48563,0.78169,-0.056963,-0.86288,-0.3854,-0.10673,0.66146,-0.9347,0.20603,0.8936
0.35045,-0.48133,0.091401,0.38693,0.31994,-0.53226,0.58331,0.65504,0.7126,-0.57198,0.45329,0.8074,-0.051462,-0.84765,-0.46992,-0.21859,0.66343,-0.92474,0.18941,0.8703
0.3714,-0.46122,0.037315,0.35114,0.30675,-0.57584,0.5455,0.63333,0.71321,-0.57273,0.41343,0.83308,-0.03273,-0.8272,-0.55609,-0.33202,0.66746,-0.90619,0.17255,0.84912
0.38743,-0.4401,-0.0043801,0.32272,0.29834,-0.62577,0.48283,0.60475,0.71365,-0.57753,0.37027,0.85508,-0.0064902,-0.80197,-0.62042,-0.42866,0.66739,-0.88497,0.1594,0.83339
0.39678,-0.4212,-0.02676,0.30475,0.29886,-0.67705,0.44758,0.58576,0.7175,-0.58657,0.32761,0.87059,0.020081,-0.77606,-0.64801,-0.4867,0.66197,-0.86818,0.15119,0.82136
0.40052,-0.40202,-0.036575,0.29574,0.29185,-0.70245,0.44758,0.58145,0.72628,-0.59694,0.28746,0.87891,0.041714,-0.74421,-0.65645,-0.5044,0.65396,-0.86118,0.1448,0.80759
0.40263,-0.37428,-0.048798,0.29239,0.28211,-0.71416,0.44758,0.54503,0.73733,-0.60459,0.24773,0.88172,0.060299,-0.6904,-0.66749,-0.50117,0.64701,-0.86577,0.13364,0.78705
0.40816,-0.33235,-0.078963,0.28868,0.25813,-0.71743,0.44758,0.50493,0.74661,-0.60802,0.19946,0.88173,0.083232,-0.60958,-0.6986,-0.49159,0.64265,-0.88166,0.10695,0.75919
0.41919,-0.27618,-0.13939,0.28169,0.25371,-0.68316,0.44758,0.49096,0.75205,-0.60996,0.12958,0.88244,0.11418,-0.5113,-0.75608,-0.48232,0.63929,-0.90659,0.052764,0.7281
0.43483,-0.21364,-0.23578,0.2727,0.24788,-0.66696,0.4408,0.51184,0.75516,-0.61585,0.025226,0.8865,0.1492,-0.41569,-0.83635,-0.46805,0.63509,-0.93812,-0.038116,0.69996
0.45133,-0.1554,-0.35975,0.26077,0.30859,-0.66971,0.36971,0.52825,0.7587,-0.62696,-0.11831,0.89394,0.17875,-0.33882,-0.91634,-0.44351,0.63118,-0.97163,-0.16658,0.68011
0.46553,-0.10974,-0.47776,0.24375,0.42126,-0.66971,0.17215,0.53104,0.76303,-0.63953,-0.28641,0.90129,0.19731,-0.28893,-0.9646,-0.4132,0.63174,-0.9997,-0.31839,0.67024
0.47656,-0.078819,-0.54079,0.2209,0.52692,-0.66971,-0.16791,0.53104,0.76521,-0.64767,-0.4384,0.90456,0.2055,-0.26453,-0.96458,-0.3847,0.63981,-1.016,-0.45828,0.66764
0.48461,-0.06011,-0.53646,0.19409,0.60404,-0.63977,-0.55649,0.53104,0.76065,-0.64769,-0.52769,0.90093,0.20825,-0.25838,-0.93075,-0.36342,0.65198,-1.0199,-0.54994,0.66828
0.48988,-0.048877,-0.50338,0.16918,0.63318,-0.5946,-0.65904,0.53104,0.74728,-0.64164,-0.55547,0.88907,0.20761,-0.26232,-0.88904,-0.35105,0.65967,-1.0164,-0.59428,0.66833
0.49219,-0.041195,-0.47607,0.15119,0.63675,-0.55496,-0.70498,0.53104,0.72779,-0.63434,-0.55788,0.86881,0.20297,-0.26965,-0.85721,-0.34811,0.65688,-1.0146,-0.62036,0.66392
0.49156,-0.035963,-0.46053,0.14305,0.63675,-0.55081,-0.70729,0.53104,0.70919,-0.62967,-0.55441,0.84067,0.19183,-0.27777,-0.83188,-0.35368,0.64393,-1.0244,-0.64756,0.65294
0.48979,-0.032074,-0.44775,0.14448,0.63675,-0.55397,-0.70056,0.52758,0.69763,-0.62954,-0.55225,0.8068,0.17526,-0.28322,-0.80176,-0.36477,0.62773,-1.0521,-0.6879,0.63553
0.48956,-0.028585,-0.42461,0.15256,0.63675,-0.58182,-0.67645,0.51395,0.69509,-0.63544,-0.55132,0.77204,0.15864,-0.28304,-0.75217,-0.37171,0.61508,-1.0963,-0.74607,0.61504
0.49281,-0.024288,-0.38771,0.16329,0.6351,-0.60705,-0.63744,0.51044,0.69999,-0.64757,-0.54917,0.74279,0.14715,-0.27501,-0.68646,-0.36748,0.60774,-1.1487,-0.8207,0.59619
0.5001,-0.019425,-0.34572,0.17265,0.62975,-0.59316,-0.633,0.5169,0.7099,-0.66507,-0.54387,0.72382,0.14414,-0.26174,-0.62351,-0.34715,0.60151,-1.1954,-0.90324,0.58342
0.50931,-0.016935,-0.31003,0.18007,0.61671,-0.57051,-0.631,0.55411,0.72334,-0.68509,-0.53579,0.71657,0.14618,-0.25178,-0.57812,-0.31253,0.59145,-1.2234,-0.98075,0.5787
0.51606,-0.018857,-0.28727,0.18838,0.61228,-0.56487,-0.62829,0.64863,0.73876,-0.70318,-0.52686,0.71883,0.14605,-0.25123,-0.55547,-0.2683,0.57584,-1.2288,-1.045,0.58044
0.51857,-0.026248,-0.27853,0.20419,0.63345,-0.58736,-0.62117,0.68484,0.75366,-0.71577,-0.51966,0.72667,0.14051,-0.26268,-0.55218,-0.2093,0.55768,-1.2151,-1.0953,0.58356
0.51802,-0.037181,-0.28105,0.22942,0.63963,-0.60913,-0.57667,0.67858,0.76451,-0.72162,-0.51602,0.7347,0.13389,-0.28235,-0.5589,-0.13802,0.54208,-1.1878,-1.1296,0.58459
0.5165,-0.048878,-0.29265,0.26162,0.63702,-0.63163,-0.55665,0.67858,0.76821,-0.72487,-0.51742,0.73883,0.13524,-0.30307,-0.56691,-0.062075,0.53385,-1.155,-1.1414,0.5841
0.51439,-0.05949,-0.31088,0.29555,0.62773,-0.65408,-0.55284,0.67443,0.76453,-0.73069,-0.52456,0.73841,0.14805,-0.31796,-0.56881,0.0073628,0.53366,-1.1265,-1.1292,0.58524
0.50987,-0.069945,-0.32933,0.32716,0.62367,-0.6744,-0.55484,0.66848,0.75613,-0.74175,-0.53692,0.73637,0.16758,-0.32523,-0.55831,0.062654,0.53856,-1.1085,-1.1013,0.59046
0.50086,-0.081318,-0.33893,0.3568,0.63268,-0.67698,-0.5196,0.66436,0.74816,-0.75731,-0.55194,0.7367,0.18488,-0.32723,-0.534,0.10559,0.54413,-1.0999,-1.0673,0.59923
0.48679,-0.09372,-0.33541,0.3856,0.61348,-0.67939,-0.48504,0.69602,0.74512,-0.77472,-0.56597,0.74128,0.19602,-0.32542,-0.50374,0.13998,0.54857,-1.0955,-1.0331,0.60875
0.46941,-0.10575,-0.32261,0.41256,0.55258,-0.68171,-0.47081,0.74573,0.74835,-0.79275,-0.57714,0.74878,0.20273,-0.32171,-0.47772,0.16866,0.55172,-1.0902,-1.0013,0.6192
0.4507,-0.11539,-0.31051,0.43317,0.44746,-0.75268,-0.47081,0.78408,0.75544,-0.81112,-0.58712,0.75686,0.20728,-0.31701,-0.46584,0.19161,0.55542,-1.0818,-0.97479,0.63217
0.43204,-0.1232,-0.3088,0.4426,0.37787,-0.79614,-0.47081,0.80417,0.76195,-0.82929,-0.59904,0.76361,0.21108,-0.31528,-0.47327,0.20797,0.56162,-1.0721,-0.95611,0.64981
0.41454,-0.13009,-0.32323,0.44007,0.3485,-0.78576,-0.47081,0.8147,0.7632,-0.84361,-0.61466,0.76845,0.21349,-0.32056,-0.50254,0.21723,0.57062,-1.0622,-0.94639,0.67159
0.39906,-0.13803,-0.35501,0.4288,0.33299,-0.76377,-0.47081,0.82383,0.75541,-0.85049,-0.63385,0.77085,0.21362,-0.33603,-0.55285,0.22118,0.58185,-1.0514,-0.94322,0.69566
0.38534,-0.14812,-0.39649,0.41556,0.32576,-0.78931,-0.47081,0.82714,0.7374,-0.8494,-0.65435,0.77133,0.21103,-0.36322,-0.61354,0.22199,0.59542,-1.0375,-0.93965,0.71831
0.37088,-0.15998,-0.43158,0.40581,0.32455,-0.7873,-0.48814,0.82811,0.71134,-0.84456,-0.67264,0.76955,0.20489,-0.40059,-0.66245,0.22158,0.61351,-1.0206,-0.92798,0.73699
0.35337,-0.17352,-0.44239,0.40082,0.32725,-0.79085,-0.52298,0.82169,0.68247,-0.84181,-0.68532,0.76513,0.19343,-0.44742,-0.67894,0.22031,0.6377,-1.003,-0.90563,0.75131
0.33027,-0.18908,-0.42394,0.39634,0.3397,-0.81962,-0.55231,0.79405,0.65613,-0.8448,-0.69092,0.75629,0.17513,-0.50341,-0.66122,0.21314,0.66554,-0.9888,-0.87744,0.76348
0.29997,-0.2092,-0.38959,0.3882,0.32696,-0.85791,-0.56187,0.7282,0.63609,-0.85269,-0.69136,0.7435,0.1478,-0.57001,-0.62914,0.1954,0.69136,-0.98218,-0.85169,0.77531
0.26357,-0.23388,-0.35538,0.37441,0.34406,-0.8385,-0.56187,0.65733,0.62333,-0.86042,-0.6895,0.72943,0.10877,-0.64461,-0.60068,0.16388,0.70994,-0.9847,-0.83415,0.78677
0.22632,-0.25913,-0.3303,0.35486,0.35507,-0.83749,-0.56421,0.64225,0.61701,-0.86021,-0.68721,0.71763,0.058224,-0.71696,-0.58451,0.11971,0.72122,-0.99433,-0.82692,0.7955
0.19638,-0.27565,-0.31664,0.33273,0.35507,-0.83749,-0.58338,0.64066,0.6154,-0.84351,-0.68364,0.70991,0.0020585,-0.76719,-0.58487,0.071615,0.73105,-1.0064,-0.82814,0.79869
0.18368,-0.27386,-0.315,0.3104,0.35483,-0.82904,-0.61151,0.6453,0.61503,-0.80651,-0.67665,0.70585,-0.041759,-0.77175,-0.60465,0.027651,0.74665,-1.0157,-0.83552,0.79605
0.1934,-0.25237,-0.3229,0.29174,0.36246,-0.82904,-0.61358,0.65171,0.61281,-0.75468,-0.66607,0.70449,-0.053921,-0.7298,-0.6398,-0.000343,0.76976,-1.0186,-0.84655,0.79043
0.22136,-0.21806,-0.33667,0.28251,0.36246,-0.81304,-0.62029,0.65348,0.6083,-0.70041,-0.65331,0.70537,-0.030949,-0.65936,-0.67952,-0.00031863,0.79596,-1.0119,-0.85806,0.78543
0.25701,-0.18003,-0.34993,0.28938,0.3571,-0.79687,-0.62029,0.63993,0.60527,-0.65568,-0.63926,0.71024,0.012347,-0.58129,-0.70843,0.033071,0.81955,-0.99389,-0.86635,0.78375
0.28811,-0.1454,-0.35616,0.31208,0.33846,-0.79162,-0.63333,0.59584,0.61043,-0.6261,-0.62415,0.72238,0.053515,-0.50955,-0.71599,0.087606,0.83729,-0.96687,-0.86884,0.78588
0.30705,-0.11793,-0.3523,0.33985,0.32346,-0.79162,-0.65204,0.53683,0.62824,-0.61093,-0.60873,0.74314,0.080393,-0.44963,-0.70528,0.14004,0.84957,-0.93731,-0.86476,0.79107
0.31246,-0.098522,-0.33907,0.36214,0.32346,-0.79423,-0.65628,0.46267,0.65645,-0.60547,-0.59428,0.77043,0.090499,-0.40293,-0.68329,0.17592,0.85858,-0.91276,-0.85738,0.79794
0.30969,-0.086853,-0.3206,0.3747,0.34499,-0.79303,-0.64746,0.404,0.68822,-0.6041,-0.5831,0.79861,0.090228,-0.36922,-0.65838,0.19478,0.86474,-0.89828,-0.8534,0.8052
0.30852,-0.081304,-0.30028,0.38144,0.35807,-0.776,-0.64634,0.38791,0.71723,-0.6036,-0.57737,0.82251,0.093014,-0.34501,-0.63256,0.20704,0.8664,-0.89518,-0.85968,0.81136
0.31715,-0.079651,-0.27812,0.38986,0.34673,-0.77061,-0.64634,0.43847,0.7413,-0.60216,-0.57866,0.8395,0.10972,-0.32359,-0.59809,0.22374,0.8626,-0.90117,-0.87933,0.81576
0.33725,-0.080994,-0.25299,0.40435,0.33246,-0.75187,-0.64771,0.48918,0.76058,-0.59901,-0.58676,0.8515,0.1415,-0.30106,-0.55144,0.24766,0.85582,-0.91227,-0.90953,0.81871
0.36428,-0.085122,-0.22419,0.42353,0.33246,-0.73482,-0.66605,0.50236,0.77605,-0.59366,-0.59883,0.86115,0.18014,-0.27823,-0.49502,0.27158,0.8512,-0.92369,-0.9433,0.82113
0.39197,-0.092702,-0.19442,0.445,0.33034,-0.7028,-0.73785,0.48751,0.78822,-0.58692,-0.61115,0.86986,0.21734,-0.25931,-0.43894,0.28963,0.85285,-0.93067,-0.97193,0.82574
0.41693,-0.10231,-0.16971,0.4666,0.31044,-0.69245,-0.79802,0.47015,0.79762,-0.58109,-0.6201,0.87795,0.24996,-0.24644,-0.39372,0.30095,0.8601,-0.93055,-0.9892,0.83701
0.44037,-0.11251,-0.15386,0.48657,0.26945,-0.70006,-0.7838,0.46133,0.80516,-0.58069,-0.62489,0.88537,0.27935,-0.23968,-0.36256,0.30884,0.8673,-0.92468,-0.99342,0.85986
0.46299,-0.12451,-0.14603,0.50251,0.3205,-0.69924,-0.7587,0.46133,0.81185,-0.5902,-0.62786,0.89153,0.30501,-0.24028,-0.34085,0.31567,0.86891,-0.91726,-0.98565,0.8942
0.48242,-0.14209,-0.14043,0.51083,0.36495,-0.69924,-0.74961,0.46133,0.81687,-0.611,-0.63162,0.89516,0.32459,-0.24997,-0.32162,0.31757,0.86435,-0.91237,-0.9697,0.93373
0.49507,-0.169,-0.13016,0.50979,0.36362,-0.69924,-0.74196,0.46133,0.81852,-0.63918,-0.63709,0.895,0.33568,-0.27076,-0.29869,0.31063,0.85708,-0.91352,-0.95309,0.96916
0.49975,-0.20608,-0.1142,0.50145,0.3429,-0.69412,-0.72351,0.47659,0.81608,-0.66704,-0.64454,0.88931,0.33785,-0.30254,-0.27265,0.29043,0.85047,-0.92263,-0.94297,0.99382
0.49986,-0.24967,-0.097916,0.49195,0.3429,-0.66835,-0.7177,0.49908,0.80996,-0.68752,-0.65357,0.87727,0.33439,-0.34213,-0.2487,0.25801,0.84643,-0.93892,-0.94267,1.0054
0.50087,-0.29388,-0.088171,0.49058,0.3429,-0.65916,-0.72079,0.51472,0.80142,-0.69937,-0.66291,0.86034,0.32916,-0.38477,-0.23224,0.22163,0.84512,-0.95926,-0.95163,1.0055
0.50681,-0.3335,-0.087713,0.50314,0.3429,-0.6624,-0.72581,0.57501,0.79205,-0.70644,-0.6708,0.84343,0.3256,-0.4265,-0.22488,0.19251,0.84597,-0.97863,-0.96493,0.99751
0.51603,-0.36556,-0.093923,0.52797,0.3429,-0.6624,-0.73582,0.64812,0.7829,-0.71392,-0.67545,0.83351,0.32327,-0.46429,-0.22297,0.17796,0.84892,-0.99259,-0.97639,0.98604
0.52285,-0.38982,-0.10248,0.55521,0.34083,-0.63854,-0.74064,0.69344,0.77386,-0.72385,-0.67613,0.83702,0.31681,-0.49719,-0.22246,0.17018,0.85333,-0.9998,-0.98142,0.97541
0.52371,-0.40856,-0.11167,0.57535,0.31797,-0.61622,-0.74313,0.72013,0.76309,-0.73641,-0.67373,0.85444,0.30283,-0.5283,-0.22234,0.15673,0.85764,-1.0023,-0.97878,0.96832
0.51921,-0.42463,-0.12163,0.58417,0.26538,-0.61677,-0.74331,0.73363,0.74998,-0.74995,-0.66934,0.88012,0.28207,-0.56072,-0.22374,0.13122,0.86045,-1.0022,-0.97032,0.96436
0.51232,-0.43778,-0.13249,0.58252,0.20922,-0.63623,-0.72884,0.7241,0.73565,-0.76202,-0.66333,0.90739,0.26075,-0.59282,-0.22744,0.099993,0.86104,-1.0004,-0.95853,0.96097
0.50553,-0.44577,-0.14116,0.57493,0.19339,-0.64296,-0.7151,0.69511,0.72323,-0.76955,-0.65578,0.93249,0.24475,-0.62199,-0.23174,0.076891,0.85932,-0.99794,-0.94538,0.95458
0.49747,-0.44624,-0.14251,0.5676,0.18643,-0.63557,-0.62283,0.66587,0.71549,-0.77201,-0.64882,0.95413,0.2331,-0.64619,-0.23286,0.07472,0.85474,-0.99639,-0.93289,0.94201
0.48412,-0.44036,-0.13659,0.56451,0.18819,-0.62222,-0.50577,0.65877,0.71338,-0.77115,-0.64557,0.9715,0.2193,-0.66844,-0.23081,0.090612,0.84698,-0.99705,-0.92382,0.92077
0.46376,-0.42627,-0.12599,0.56604,0.18819,-0.60379,-0.3822,0.65329,0.71569,-0.76976,-0.64455,0.9841,0.19791,-0.68863,-0.22768,0.1111,0.8366,-1.0009,-0.91193,0.89012
0.44155,-0.39525,-0.11395,0.56999,0.18819,-0.52434,-0.24341,0.65047,0.72023,-0.76715,-0.63338,0.99186,0.17065,-0.7029,-0.22739,0.12579,0.82541,-1.008,-0.8646,0.85256
0.4252,-0.33755,-0.088188,0.57651,0.14253,-0.42377,-0.059274,0.65127,0.72372,-0.75983,-0.58383,0.99605,0.14165,-0.7059,-0.22367,0.13524,0.81745,-1.0182,-0.73176,0.8149
0.41914,-0.25758,-0.029785,0.58574,0.048082,-0.27026,0.14624,0.65422,0.72161,-0.7448,-0.48264,0.99907,0.11477,-0.69615,-0.19838,0.15064,0.81771,-1.0304,-0.5357,0.78614
0.42043,-0.17321,0.05937,0.59781,0.048684,-0.16791,0.27999,0.66019,0.71102,-0.72303,-0.3578,1.0021,0.090798,-0.67078,-0.14335,0.18489,0.82695,-1.0439,-0.34514,0.77371
0.42499,-0.10055,0.15347,0.60928,0.18053,-0.11701,0.32602,0.6611,0.69303,-0.69683,-0.24664,1.004,0.070969,-0.63319,-0.073761,0.23575,0.84047,-1.0572,-0.19863,0.77865
0.43224,-0.044499,0.22794,0.61471,0.24531,-0.097369,0.33075,0.67559,0.67301,-0.66902,-0.16787,1.0014,0.056755,-0.58301,-0.012757,0.28712,0.85169,-1.0697,-0.10324,0.79554
0.44541,-0.0019022,0.27287,0.60891,0.24851,-0.097369,0.33075,0.69725,0.65905,-0.6417,-0.12348,0.99126,0.047538,-0.52386,0.02525,0.32166,0.85672,-1.0795,-0.051241,0.81556
0.4665,0.033061,0.29117,0.59187,0.24851,-0.097369,0.33075,0.69775,0.65828,-0.616,-0.10514,0.97169,0.041693,-0.46544,0.038307,0.33471,0.85649,-1.0839,-0.028955,0.83105
0.492,0.06415,0.29256,0.5683,0.24851,-0.097369,0.33075,0.70512,0.6735,-0.59323,-0.10116,0.94338,0.03617,-0.41178,0.03291,0.33174,0.85407,-1.0808,-0.021917,0.83824
0.51615,0.091395,0.28747,0.54527,0.24851,-0.097369,0.33075,0.72245,0.70029,-0.57521,-0.10187,0.90932,0.027611,-0.36845,0.017151,0.32292,0.85071,-1.0728,-0.020147,0.83936
0.53451,0.11417,0.28229,0.52819,0.23567,-0.097369,0.33075,0.71016,0.73085,-0.5635,-0.10339,0.87333,0.010288,-0.33451,-0.0024912,0.31591,0.84438,-1.0654,-0.020049,0.84074
0.5457,0.13236,0.2791,0.51685,0.2316,-0.097369,0.33075,0.68726,0.75788,-0.55869,-0.10448,0.83801,-0.019465,-0.305,-0.022328,0.31105,0.8327,-1.0626,-0.02066,0.84759
0.55043,0.14502,0.27747,0.50731,0.23354,-0.097369,0.33075,0.65199,0.77723,-0.55929,-0.10502,0.80453,-0.059329,-0.27973,-0.041287,0.30415,0.81578,-1.0655,-0.021676,0.86009
0.54975,0.15124,0.27725,0.49687,0.24751,-0.097369,0.33075,0.64001,0.7873,-0.56201,-0.10513,0.77405,-0.10216,-0.26094,-0.055972,0.29369,0.79713,-1.0728,-0.023036,0.87394
0.54369,0.15006,0.27781,0.48668,0.26297,-0.097369,0.33075,0.62826,0.78914,-0.56368,-0.10602,0.7481,-0.14116,-0.2526,-0.06524,0.28454,0.78068,-1.0823,-0.025836,0.88521
0.53048,0.14146,0.27775,0.48133,0.27606,-0.097369,0.33075,0.63422,0.78543,-0.56335,-0.11159,0.72901,-0.18071,-0.25412,-0.068965,0.28548,0.76822,-1.0924,-0.034722,0.89229
0.51001,0.12517,0.26952,0.48082,0.27606,-0.097369,0.33075,0.64538,0.78004,-0.56184,-0.13127,0.71787,-0.22876,-0.26114,-0.075089,0.2968,0.75701,-1.1011,-0.061155,0.89546
0.48499,0.10196,0.24085,0.48063,0.27831,-0.10065,0.33075,0.65262,0.77642,-0.55977,-0.17753,0.71312,-0.28664,-0.26785,-0.099216,0.30949,0.7416,-1.1065,-0.11998,0.89498
0.46089,0.074631,0.18263,0.47738,0.27994,-0.12694,0.31816,0.65262,0.77595,-0.55694,-0.25822,0.71091,-0.34268,-0.27295,-0.1526,0.31116,0.71858,-1.1062,-0.22075,0.8896
0.44207,0.047338,0.09686,0.47226,0.29189,-0.17763,0.23797,0.65262,0.77661,-0.55471,-0.36693,0.70719,-0.3821,-0.27806,-0.23688,0.29621,0.68966,-1.0978,-0.35181,0.878
0.42874,0.021871,0.010776,0.47153,0.29985,-0.23145,0.056162,0.65262,0.77573,-0.55383,-0.44957,0.70096,-0.40527,-0.28919,-0.3262,0.27247,0.66259,-1.0688,-0.39737,0.86003
0.41905,-0.0035618,-0.020483,0.48077,0.26704,-0.31729,-0.10031,0.65262,0.77146,-0.55226,-0.41027,0.69341,-0.42035,-0.31162,-0.36619,0.25748,0.64676,-1.0015,-0.21635,0.8376
0.41462,-0.031309,0.029267,0.49859,0.21824,-0.37219,0.061194,0.65129,0.76249,-0.54564,-0.25933,0.68672,-0.42832,-0.34501,-0.32445,0.26344,0.64617,-0.89956,0.055958,0.81525
0.41882,-0.061145,0.11879,0.51702,0.18431,-0.40503,0.20391,0.6418,0.7477,-0.53094,-0.09611,0.68279,-0.42575,-0.38978,-0.24046,0.28371,0.65648,-0.78933,0.28206,0.79755
0.42962,-0.089393,0.19976,0.52907,0.19799,-0.45057,0.23071,0.602,0.72741,-0.51102,0.027154,0.68252,-0.42077,-0.44232,-0.15976,0.30387,0.66977,-0.69675,0.43748,0.78521
0.43933,-0.11228,0.25478,0.53227,0.21228,-0.45985,0.23071,0.51683,0.7038,-0.49126,0.10416,0.68661,-0.4259,-0.50086,-0.097411,0.31397,0.68145,-0.63304,0.53149,0.77416
0.44082,-0.12518,0.28644,0.52815,0.21627,-0.45985,0.23071,0.42208,0.6807,-0.47541,0.14461,0.69617,-0.44905,-0.55534,-0.051294,0.31355,0.69137,-0.5968,0.57963,0.75894
0.43413,-0.12298,0.3035,0.52089,0.22614,-0.45985,0.23071,0.33193,0.66199,-0.46397,0.16335,0.71216,-0.47906,-0.57954,-0.016527,0.30708,0.70208,-0.57967,0.59927,0.73764
0.42572,-0.10403,0.31249,0.51249,0.21232,-0.48329,0.23071,0.25302,0.64967,-0.4561,0.17406,0.73367,-0.49646,-0.5538,0.0054909,0.29719,0.71563,-0.57151,0.6061,0.71446
0.42344,-0.074057,0.31595,0.50353,0.20374,-0.52114,0.23071,0.23742,0.64289,-0.45171,0.18403,0.75756,-0.4811,-0.49012,0.013706,0.28414,0.73245,-0.56546,0.60979,0.69705
0.4286,-0.044812,0.31417,0.49192,0.20374,-0.55189,0.23071,0.26132,0.64019,-0.45278,0.19416,0.77917,-0.43995,-0.42157,0.0095703,0.26458,0.75097,-0.55995,0.61297,0.69051
0.43567,-0.025593,0.31001,0.4751,0.20374,-0.56511,0.23071,0.27809,0.64131,-0.46119,0.20356,0.79436,-0.3929,-0.36822,0.00026469,0.23465,0.76861,-0.55554,0.61595,0.69336
0.43945,-0.020184,0.30654,0.45255,0.20374,-0.56598,0.23071,0.27749,0.64555,-0.47725,0.21085,0.8011,-0.35283,-0.33578,-0.0071218,0.19435,0.78329,-0.55315,0.61824,0.70078
0.43813,-0.027349,0.30384,0.4226,0.20374,-0.56598,0.23071,0.25725,0.65156,-0.49868,0.21491,0.80114,-0.32056,-0.32106,-0.013204,0.14631,0.79319,-0.55321,0.61912,0.70967
0.43176,-0.04299,0.29955,0.38449,0.19961,-0.56598,0.23071,0.24548,0.65775,-0.52016,0.21458,0.79939,-0.29367,-0.31857,-0.020151,0.098478,0.79753,-0.55553,0.61736,0.71881
0.42004,-0.061903,0.28788,0.33726,0.18592,-0.56598,0.23071,0.24553,0.66242,-0.5371,0.20428,0.79961,-0.26853,-0.32377,-0.034962,0.05424,0.79596,-0.56298,0.60613,0.72868
0.40088,-0.078654,0.26109,0.28334,0.14002,-0.55877,0.23071,0.24553,0.66406,-0.54944,0.17403,0.80291,-0.24094,-0.33054,-0.06292,0.010278,0.78913,-0.58286,0.57219,0.73943
0.3695,-0.091525,0.21459,0.22926,0.12816,-0.55872,0.23071,0.26049,0.6628,-0.56218,0.11412,0.80803,-0.21175,-0.33471,-0.10598,-0.04161,0.77842,-0.62308,0.49969,0.74993
0.32487,-0.1038,0.15089,0.18532,0.13478,-0.56565,0.22198,0.29152,0.66111,-0.58117,0.020402,0.81289,-0.17886,-0.33559,-0.15776,-0.10188,0.76581,-0.6864,0.37464,0.76013
0.27215,-0.11891,0.08055,0.15882,0.14366,-0.62168,0.12721,0.29719,0.66289,-0.60744,-0.099483,0.81577,-0.14484,-0.33345,-0.20976,-0.1619,0.75281,-0.7647,0.18831,0.77126
0.22373,-0.13767,0.016363,0.14981,0.14627,-0.6913,-0.063447,0.32851,0.67097,-0.63814,-0.22205,0.81557,-0.11759,-0.32923,-0.25871,-0.20291,0.73998,-0.83824,-0.054882,0.7843
0.19597,-0.1603,-0.037988,0.15251,0.13681,-0.7504,-0.21171,0.37387,0.68462,-0.66905,-0.31706,0.81198,-0.099246,-0.32792,-0.31097,-0.2174,0.72674,-0.88702,-0.31607,0.7985
0.19759,-0.18771,-0.088094,0.15947,0.13673,-0.77236,-0.29074,0.40523,0.69977,-0.69793,-0.37572,0.8047,-0.091489,-0.33801,-0.37147,-0.21043,0.71228,-0.90793,-0.51358,0.81121
0.22822,-0.22111,-0.13728,0.16929,0.12509,-0.77236,-0.30256,0.41779,0.71262,-0.72434,-0.41801,0.79403,-0.088748,-0.36608,-0.43106,-0.19411,0.69631,-0.91553,-0.61558,0.81888
0.27829,-0.25901,-0.17875,0.1851,0.12509,-0.77236,-0.33387,0.44265,0.72194,-0.74726,-0.46281,0.78085,-0.087715,-0.41175,-0.47107,-0.17947,0.67938,-0.92328,-0.68272,0.81891
0.33588,-0.29445,-0.19996,0.21233,0.12509,-0.77236,-0.40021,0.48273,0.72859,-0.76243,-0.51196,0.76699,-0.085849,-0.46643,-0.47767,-0.16415,0.66252,-0.93308,-0.74685,0.81235
0.38947,-0.31918,-0.2024,0.25336,0.12509,-0.76854,-0.43981,0.52784,0.73275,-0.76674,-0.56092,0.75429,-0.083674,-0.52038,-0.46684,-0.14274,0.64785,-0.94236,-0.81459,0.80396
0.43053,-0.32909,-0.19285,0.30343,0.12509,-0.76854,-0.45968,0.55397,0.73421,-0.76154,-0.60128,0.7439,-0.082831,-0.56496,-0.45791,-0.1141,0.63664,-0.94867,-0.87626,0.79904
0.45642,-0.32729,-0.17547,0.35273,0.12509,-0.76854,-0.45777,0.55397,0.73305,-0.75318,-0.62761,0.73573,-0.08283,-0.59742,-0.45528,-0.082961,0.62898,-0.95176,-0.92336,0.80058
0.46994,-0.31804,-0.15113,0.39248,0.12509,-0.76854,-0.45777,0.55397,0.73034,-0.7492,-0.64074,0.72921,-0.081851,-0.61442,-0.45409,-0.056403,0.62353,-0.95368,-0.95839,0.80854
0.47621,-0.30385,-0.1239,0.41849,0.12491,-0.77008,-0.45777,0.55397,0.72771,-0.75315,-0.64687,0.72483,-0.081622,-0.61139,-0.44919,-0.039564,0.61859,-0.95728,-0.98827,0.81984
0.47874,-0.28815,-0.10312,0.42929,0.12188,-0.79482,-0.45777,0.55397,0.72655,-0.7629,-0.65307,0.72296,-0.084162,-0.59254,-0.44525,-0.033589,0.61234,-0.96638,-1.0176,0.8312
0.47857,-0.27547,-0.098866,0.42705,0.091004,-0.81955,-0.45777,0.55397,0.72728,-0.77183,-0.66377,0.72337,-0.092766,-0.56984,-0.45392,-0.035867,0.60439,-0.98384,-1.0476,0.84062
0.47321,-0.26856,-0.11669,0.4162,0.015632,-0.80958,-0.46557,0.55119,0.729,-0.77232,-0.6806,0.72372,-0.11596,-0.55496,-0.48616,-0.043395,0.59728,-1.0107,-1.0766,0.8481
0.46315,-0.26701,-0.15306,0.40342,-0.052785,-0.79845,-0.47119,0.53728,0.72937,-0.7611,-0.7019,0.72225,-0.1454,-0.55167,-0.54156,-0.04836,0.59709,-1.0443,-1.1033,0.85484
0.45503,-0.26368,-0.19553,0.39844,-0.019205,-0.7696,-0.4919,0.51442,0.72544,-0.7405,-0.72327,0.71808,-0.14881,-0.55508,-0.60952,-0.037663,0.61036,-1.0789,-1.1255,0.86365
0.45792,-0.25154,-0.22778,0.41178,0.048245,-0.71868,-0.52122,0.5093,0.71543,-0.7161,-0.73962,0.71011,-0.094746,-0.55766,-0.66541,0.0057899,0.63849,-1.107,-1.1414,0.87771
0.47568,-0.22483,-0.24165,0.44495,0.10581,-0.67277,-0.53525,0.51342,0.70019,-0.69157,-0.74695,0.69738,0.0094731,-0.54646,-0.69026,0.077857,0.67522,-1.1225,-1.1507,0.8992
0.49889,-0.18486,-0.23955,0.48989,0.14274,-0.57708,-0.53149,0.52026,0.68247,-0.66694,-0.74522,0.67996,0.11981,-0.5148,-0.68302,0.16267,0.71075,-1.1232,-1.1557,0.92784
0.51301,-0.14047,-0.22754,0.53464,0.17379,-0.432,-0.52203,0.53382,0.66612,-0.64069,-0.73672,0.66158,0.2037,-0.46886,-0.64944,0.24475,0.73817,-1.1122,-1.1584,0.96043
0.50992,-0.10155,-0.20957,0.56889,0.22838,-0.36958,-0.5206,0.53743,0.65442,-0.61446,-0.7242,0.64983,0.25394,-0.42115,-0.59822,0.3115,0.75577,-1.0972,-1.1583,0.99166
0.49268,-0.073675,-0.18903,0.58706,0.26358,-0.36958,-0.5206,0.53908,0.64868,-0.59193,-0.71006,0.65349,0.27854,-0.37891,-0.53926,0.35867,0.76541,-1.0859,-1.152,1.0173
0.47373,-0.055089,-0.17337,0.58771,0.26358,-0.36958,-0.54271,0.55031,0.6475,-0.57635,-0.69591,0.67487,0.29222,-0.3398,-0.48767,0.38578,0.77095,-1.0817,-1.1341,1.0364
0.46599,-0.040262,-0.16988,0.5747,0.27613,-0.36958,-0.60813,0.54515,0.6472,-0.56766,-0.68222,0.7077,0.30697,-0.29958,-0.45287,0.39712,0.77566,-1.0837,-1.1023,1.0505
0.47424,-0.024878,-0.1815,0.55585,0.30847,-0.36958,-0.67451,0.53061,0.64442,-0.56333,-0.66957,0.74184,0.32852,-0.25907,-0.43643,0.39947,0.78033,-1.0884,-1.06,1.062
0.49533,-0.0086176,-0.20371,0.54111,0.32727,-0.36958,-0.6903,0.52722,0.63678,-0.56155,-0.65967,0.76968,0.35793,-0.22389,-0.43239,0.40095,0.78391,-1.0922,-1.016,1.0722
0.52386,0.0052824,-0.22767,0.5383,0.35125,-0.36958,-0.71019,0.52178,0.62541,-0.56286,-0.65438,0.78926,0.3915,-0.19968,-0.43302,0.40709,0.78576,-1.0919,-0.97894,1.0816
0.55683,0.015585,-0.24544,0.54745,0.38142,-0.36958,-0.72649,0.51901,0.6139,-0.56948,-0.65497,0.80267,0.42588,-0.18705,-0.43257,0.41774,0.78653,-1.0874,-0.95182,1.0903
0.59169,0.023192,-0.25543,0.56246,0.40096,-0.36958,-0.75264,0.51901,0.60541,-0.58287,-0.66034,0.81389,0.45836,-0.18201,-0.43007,0.42908,0.78725,-1.0796,-0.93434,1.0969
0.62367,0.0292,-0.26239,0.57558,0.40152,-0.36899,-0.77491,0.51901,0.60214,-0.60151,-0.66728,0.82472,0.48506,-0.18079,-0.42863,0.43585,0.7869,-1.0727,-0.92366,1.0994
0.64615,0.031765,-0.27157,0.57942,0.40152,-0.36214,-0.77578,0.51901,0.60642,-0.62248,-0.67091,0.83467,0.50101,-0.18156,-0.43112,0.43275,0.78206,-1.0722,-0.9179,1.0949
0.65352,0.027821,-0.28504,0.56795,0.40152,-0.35648,-0.73075,0.51443,0.61931,-0.6428,-0.66811,0.84275,0.50123,-0.18636,-0.4395,0.41424,0.76978,-1.0818,-0.91614,1.0823
0.6442,0.013977,-0.30149,0.53862,0.40152,-0.36198,-0.69871,0.50396,0.63914,-0.66214,-0.66047,0.84857,0.48402,-0.20042,-0.45462,0.37746,0.75053,-1.1027,-0.91819,1.0619
0.62358,-0.010759,-0.32097,0.49194,0.40152,-0.37348,-0.66946,0.46773,0.66208,-0.68397,-0.65375,0.85303,0.45493,-0.22696,-0.47798,0.32214,0.7287,-1.132,-0.92411,1.0356
0.60389,-0.043061,-0.34822,0.43063,0.39487,-0.38246,-0.66123,0.45635,0.68478,-0.71248,-0.65458,0.85626,0.42769,-0.26411,-0.51635,0.25001,0.70855,-1.1645,-0.93342,1.006
0.59882,-0.077021,-0.39097,0.36297,0.37144,-0.40527,-0.68256,0.46524,0.70553,-0.74803,-0.66591,0.8576,0.41644,-0.305,-0.5808,0.16962,0.69096,-1.1933,-0.94461,0.97641
0.61191,-0.10757,-0.452,0.30162,0.40574,-0.51581,-0.73006,0.46772,0.72534,-0.78523,-0.68525,0.85628,0.4232,-0.34314,-0.67949,0.095957,0.67378,-1.2117,-0.95602,0.94932
0.63427,-0.13579,-0.5221,0.26145,0.44317,-0.60261,-0.74567,0.48611,0.74483,-0.81471,-0.70677,0.85391,0.43744,-0.38143,-0.81023,0.048833,0.65632,-1.2177,-0.96725,0.92507
0.65316,-0.16631,-0.57725,0.24961,0.44733,-0.58317,-0.7206,0.48731,0.76271,-0.82856,-0.72362,0.85396,0.4467,-0.42865,-0.95105,0.038405,0.64301,-1.2137,-0.97883,0.90205
0.6609,-0.20237,-0.59428,0.26003,0.44733,-0.58131,-0.63325,0.46346,0.77666,-0.82486,-0.73163,0.85873,0.4451,-0.49203,-1.0579,0.056282,0.6414,-1.2037,-0.98903,0.87854
0.65669,-0.23947,-0.57235,0.27991,0.45182,-0.58131,-0.50529,0.48763,0.78565,-0.80749,-0.7307,0.86792,0.4327,-0.56693,-1.0968,0.086263,0.65547,-1.1914,-0.99362,0.85489
0.64398,-0.26544,-0.52736,0.30034,0.45453,-0.58173,-0.44094,0.5091,0.78978,-0.78392,-0.72372,0.87892,0.41405,-0.63698,-1.0742,0.11924,0.68036,-1.1792,-0.98893,0.83461
0.62705,-0.27031,-0.47212,0.31856,0.45453,-0.56904,-0.4386,0.5091,0.78941,-0.76167,-0.71425,0.88981,0.39496,-0.68374,-1.0109,0.15498,0.70725,-1.1684,-0.97726,0.82296
0.60851,-0.25423,-0.41354,0.33391,0.45453,-0.5448,-0.4386,0.52298,0.78558,-0.74614,-0.70515,0.90065,0.37848,-0.69793,-0.92382,0.19241,0.72917,-1.16,-0.9656,0.82434
0.59182,-0.22657,-0.35751,0.34443,0.45133,-0.53173,-0.4386,0.5571,0.77953,-0.73865,-0.69868,0.91237,0.36708,-0.68408,-0.83276,0.22532,0.74428,-1.1532,-0.95961,0.83906
0.57837,-0.19949,-0.3108,0.35027,0.44242,-0.52891,-0.4386,0.58491,0.7712,-0.73643,-0.69755,0.92452,0.35874,-0.65485,-0.75633,0.24877,0.75423,-1.1465,-0.95914,0.86272
0.56888,-0.18041,-0.27725,0.35277,0.4324,-0.52891,-0.4386,0.61465,0.76016,-0.73477,-0.7042,0.93606,0.35024,-0.62201,-0.69944,0.26089,0.76052,-1.1381,-0.95948,0.88662
0.56177,-0.17225,-0.25522,0.35393,0.42056,-0.53835,-0.43863,0.61632,0.74698,-0.72966,-0.7186,0.94683,0.3378,-0.59389,-0.65997,0.26387,0.76393,-1.1284,-0.95654,0.90366
0.55391,-0.17374,-0.23828,0.35572,0.39645,-0.54987,-0.44233,0.60796,0.73401,-0.72072,-0.73702,0.95776,0.31826,-0.57617,-0.62549,0.26201,0.76511,-1.1191,-0.94935,0.91061
0.5406,-0.18228,-0.22021,0.36333,0.37479,-0.55813,-0.44955,0.60608,0.72341,-0.71091,-0.75185,0.9693,0.29038,-0.57121,-0.58585,0.2623,0.76626,-1.1121,-0.93961,0.90851
0.51668,-0.19592,-0.2003,0.38305,0.35377,-0.55583,-0.45904,0.60608,0.7151,-0.70439,-0.75647,0.97975,0.25411,-0.57962,-0.54868,0.27411,0.77007,-1.1073,-0.93094,0.90099
0.48164,-0.21076,-0.17859,0.42073,0.35377,-0.51501,-0.46108,0.60608,0.70694,-0.70412,-0.75387,0.98554,0.21349,-0.59809,-0.51223,0.30623,0.77826,-1.1033,-0.92686,0.89196
0.44039,-0.21709,-0.14093,0.47327,0.33826,-0.43881,-0.44212,0.60608,0.69961,-0.71032,-0.7484,0.9833,0.17408,-0.61069,-0.45812,0.35678,0.78992,-1.095,-0.92848,0.88425
0.40303,-0.19653,-0.053282,0.53061,0.25555,-0.35203,-0.41575,0.60703,0.69871,-0.72176,-0.74861,0.97235,0.14099,-0.5831,-0.32837,0.41641,0.80165,-1.0793,-0.93697,0.87929
0.37699,-0.13548,0.099531,0.58569,0.14219,-0.30098,-0.37293,0.5977,0.71029,-0.73531,-0.75798,0.95519,0.11265,-0.48875,-0.11418,0.47611,0.80939,-1.0587,-0.95225,0.87702
0.36035,-0.039954,0.28648,0.6351,0.056137,-0.29388,-0.31813,0.582,0.73444,-0.7475,-0.77623,0.93599,0.084159,-0.3431,0.12453,0.52883,0.81075,-1.0396,-0.97351,0.87674
0.34521,0.065034,0.46141,0.67765,-0.017011,-0.26394,-0.27709,0.56991,0.76398,-0.75567,-0.79913,0.91809,0.047924,-0.1921,0.33162,0.57117,0.80618,-1.028,-0.99856,0.87612
0.3251,0.15533,0.59884,0.7142,-0.044384,-0.23828,-0.27569,0.5819,0.79023,-0.75911,-0.82195,0.90273,-0.0011617,-0.068088,0.48725,0.60408,0.79762,-1.0259,-1.0232,0.87175
0.30291,0.2184,0.69323,0.74748,0.0070923,-0.23592,-0.22387,0.59354,0.80752,-0.75896,-0.8405,0.88989,-0.058814,0.016774,0.59206,0.63295,0.78666,-1.0313,-1.0425,0.8608
0.28274,0.25332,0.74977,0.7794,0.098449,-0.23592,-0.19739,0.60705,0.8141,-0.7571,-0.85182,0.87903,-0.119,0.064848,0.65469,0.66279,0.774,-1.0381,-1.0538,0.84321
0.27401,0.2665,0.77885,0.80881,0.17121,-0.23592,-0.19095,0.61394,0.81089,-0.75403,-0.85026,0.87068,-0.16275,0.084979,0.68712,0.69316,0.76048,-1.0397,-1.0577,0.8223
0.28182,0.2672,0.79216,0.83363,0.25951,-0.23592,-0.19095,0.61394,0.79993,-0.74785,-0.83078,0.86488,-0.17201,0.088652,0.70157,0.72037,0.74834,-1.0329,-1.0564,0.80427
0.30494,0.26337,0.79826,0.85205,0.34858,-0.23609,-0.19095,0.64705,0.78438,-0.73857,-0.79435,0.86044,-0.14669,0.085132,0.70709,0.74004,0.73894,-1.0192,-1.0498,0.79362
0.33467,0.25968,0.80195,0.86428,0.43319,-0.23609,-0.19095,0.65219,0.76684,-0.72908,-0.74943,0.85611,-0.1077,0.080698,0.70915,0.7512,0.73187,-1.0039,-1.0369,0.78998
0.3618,0.25714,0.80406,0.87037,0.49308,-0.23609,-0.19095,0.64869,0.74891,-0.7231,-0.70853,0.85286,-0.07552,0.077292,0.70949,0.75441,0.72588,-0.99181,-1.0192,0.78893
0.38091,0.25601,0.80455,0.86888,0.53576,-0.23609,-0.19095,0.64869,0.73218,-0.72141,-0.67928,0.85335,-0.058136,0.075174,0.70899,0.74921,0.72067,-0.98606,-1.0001,0.78654
0.39182,0.25596,0.80351,0.85691,0.55758,-0.23609,-0.19095,0.64532,0.71747,-0.72168,-0.65814,0.86043,-0.052543,0.073663,0.70776,0.73321,0.71585,-0.98707,-0.98378,0.78156
0.3989,0.25513,0.79967,0.83296,0.56419,-0.23609,-0.19095,0.63684,0.70374,-0.72128,-0.64133,0.87386,-0.049778,0.070406,0.70492,0.70477,0.71099,-0.99666,-0.97425,0.77491
0.40833,0.2484,0.7881,0.79863,0.56419,-0.21483,-0.19095,0.62498,0.68757,-0.71977,-0.62386,0.8894,-0.043523,0.059207,0.69523,0.66408,0.70686,-1.0163,-0.97172,0.76868
0.42671,0.2288,0.76008,0.75622,0.56419,-0.18773,-0.19095,0.62172,0.66538,-0.7212,-0.60553,0.90171,-0.031397,0.030371,0.66924,0.61236,0.70777,-1.0451,-0.97512,0.764
0.45587,0.18812,0.70451,0.70684,0.56419,-0.20067,-0.19095,0.60741,0.63787,-0.72965,-0.58758,0.90882,-0.016359,-0.02883,0.6147,0.55153,0.71677,-1.0784,-0.98053,0.76012
0.49121,0.12076,0.61147,0.65078,0.5655,-0.23808,-0.1929,0.59577,0.61288,-0.74552,-0.57103,0.91281,-0.00084433,-0.12964,0.52038,0.48352,0.73281,-1.1085,-0.98129,0.75552
0.52406,0.026982,0.47591,0.58741,0.58059,-0.2898,-0.22893,0.59185,0.60231,-0.76519,-0.55483,0.91632,0.010692,-0.27897,0.37898,0.40786,0.75038,-1.1296,-0.97153,0.74884
0.54708,-0.082599,0.30252,0.51484,0.58701,-0.34263,-0.29137,0.58344,0.61206,-0.78374,-0.53782,0.92004,0.015511,-0.47172,0.19023,0.31833,0.76572,-1.1423,-0.95078,0.73994
0.5578,-0.18699,0.11352,0.43255,0.58701,-0.40101,-0.37354,0.58731,0.63728,-0.79881,-0.51997,0.92363,0.0096303,-0.6813,-0.031152,0.20581,0.77942,-1.1531,-0.92345,0.73056
0.55752,-0.26299,-0.05045,0.34439,0.58701,-0.41359,-0.50513,0.59618,0.66784,-0.81102,-0.50287,0.92653,-0.0094225,-0.84832,-0.24557,0.061723,0.79479,-1.1698,-0.89494,0.72486
0.55076,-0.30101,-0.15765,0.26042,0.58316,-0.39256,-0.57007,0.59554,0.6969,-0.82464,-0.48831,0.92899,-0.042612,-0.92061,-0.39831,-0.11628,0.81432,-1.1953,-0.86893,0.72966
0.54615,-0.30456,-0.20954,0.20065,0.56541,-0.38039,-0.57431,0.58548,0.72163,-0.84126,-0.47778,0.931,-0.084011,-0.8994,-0.46111,-0.30432,0.83867,-1.2277,-0.84847,0.75138
0.55358,-0.2824,-0.2295,0.18113,0.53044,-0.37483,-0.57431,0.53371,0.74201,-0.85701,-0.472,0.93056,-0.11966,-0.82359,-0.46514,-0.44721,0.86677,-1.261,-0.83686,0.78984
0.57828,-0.24373,-0.22552,0.20139,0.4814,-0.37483,-0.57814,0.44886,0.75875,-0.86661,-0.47046,0.92448,-0.13914,-0.73469,-0.43996,-0.48323,0.89561,-1.2881,-0.83659,0.83695
0.61621,-0.20044,-0.20306,0.24665,0.45983,-0.37483,-0.58339,0.47087,0.77197,-0.86599,-0.47285,0.91145,-0.13692,-0.66126,-0.40359,-0.42201,0.9219,-1.3026,-0.84729,0.88152
0.65665,-0.16263,-0.17135,0.29682,0.43234,-0.37483,-0.57757,0.47087,0.78285,-0.85653,-0.48011,0.89254,-0.12373,-0.61805,-0.36537,-0.33144,0.944,-1.3016,-0.86372,0.91645
0.69155,-0.1344,-0.13837,0.3409,0.39952,-0.37483,-0.55927,0.47132,0.79328,-0.84274,-0.49279,0.87079,-0.11393,-0.60225,-0.33272,-0.25207,0.96195,-1.2848,-0.87856,0.94168
0.71829,-0.11525,-0.10685,0.37527,0.38085,-0.37483,-0.54498,0.50735,0.80415,-0.8296,-0.50962,0.85071,-0.10189,-0.60002,-0.30915,-0.18959,0.97593,-1.2566,-0.88806,0.96006
0.73778,-0.10421,-0.076032,0.40342,0.36148,-0.38376,-0.53605,0.52888,0.81465,-0.81949,-0.52805,0.83671,-0.073902,-0.59532,-0.29353,-0.13437,0.98502,-1.2239,-0.89343,0.97495
0.75122,-0.10193,-0.047362,0.42974,0.33856,-0.39716,-0.54402,0.53672,0.82182,-0.81295,-0.54504,0.83028,-0.023603,-0.58296,-0.28504,-0.0737,0.98898,-1.1944,-0.89969,0.98743
0.75898,-0.10634,-0.02345,0.45427,0.32453,-0.4084,-0.56416,0.55835,0.82201,-0.81051,-0.5599,0.82894,0.034855,-0.56731,-0.28261,-0.013866,0.98888,-1.1719,-0.91241,0.99743
0.76092,-0.11165,-0.0061119,0.47372,0.30738,-0.43238,-0.61486,0.63898,0.8137,-0.81131,-0.57459,0.82761,0.081988,-0.55234,-0.28479,0.032933,0.98804,-1.1555,-0.9343,1.0054
0.75854,-0.10768,0.0059649,0.48584,0.27353,-0.46002,-0.70154,0.67632,0.79945,-0.81257,-0.59187,0.8221,0.10888,-0.53219,-0.28739,0.061802,0.98964,-1.1408,-0.96405,1.0121
0.75431,-0.08752,0.015427,0.49077,0.21986,-0.50054,-0.69441,0.67825,0.78451,-0.80976,-0.61259,0.8105,0.12004,-0.49664,-0.28692,0.073081,0.99484,-1.1245,-0.99719,1.0168
0.75017,-0.054848,0.02369,0.49028,0.14205,-0.51754,-0.64399,0.68987,0.77415,-0.80214,-0.63527,0.79571,0.1222,-0.44943,-0.28487,0.074003,1.002,-1.1054,-1.0292,1.0174
0.74586,-0.02063,0.03103,0.48578,0.091292,-0.4911,-0.58909,0.69119,0.77109,-0.79284,-0.6555,0.78441,0.12262,-0.40374,-0.28602,0.071938,1.0081,-1.0835,-1.0581,1.0119
0.73779,0.0043965,0.039212,0.47544,0.01632,-0.48382,-0.56222,0.69516,0.77703,-0.78731,-0.66773,0.78263,0.12163,-0.37325,-0.29192,0.069159,1.0095,-1.0591,-1.0841,0.99955
0.72077,0.014448,0.04821,0.45646,0.0033636,-0.50137,-0.54847,0.70081,0.79151,-0.7892,-0.66883,0.79104,0.11778,-0.36626,-0.30197,0.066237,1.0043,-1.0337,-1.106,0.9819
0.69207,0.010386,0.055665,0.42709,0.001866,-0.54304,-0.54812,0.72082,0.81224,-0.7972,-0.66096,0.80514,0.11245,-0.37904,-0.31506,0.061017,0.99429,-1.01,-1.119,0.96264
0.65338,-0.0022967,0.059029,0.38828,0.027116,-0.56034,-0.54812,0.74187,0.83473,-0.80808,-0.64924,0.81857,0.10737,-0.40104,-0.32953,0.050119,0.98477,-0.99121,-1.1182,0.94688
0.61019,-0.01696,0.055984,0.34607,0.027116,-0.56452,-0.54812,0.75528,0.85285,-0.81852,-0.63819,0.82763,0.10439,-0.41807,-0.34631,0.033614,0.9809,-0.97964,-1.1044,0.93852
0.56743,-0.030307,0.046108,0.30811,0.047585,-0.55342,-0.54812,0.75528,0.86259,-0.8277,-0.62975,0.83206,0.10451,-0.42423,-0.36589,0.015834,0.98291,-0.97582,-1.0833,0.93684
0.52574,-0.042988,0.030155,0.28079,0.070584,-0.53138,-0.54812,0.75528,0.86429,-0.83591,-0.62443,0.83257,0.098517,-0.42368,-0.38679,-0.0014005,0.98656,-0.97864,-1.0599,0.93744
0.48287,-0.056015,0.0099375,0.26712,0.096856,-0.52048,-0.54812,0.75528,0.86245,-0.84292,-0.62132,0.8301,0.075515,-0.42311,-0.40629,-0.020377,0.9866,-0.9853,-1.0379,0.93491
0.44027,-0.067753,-0.011755,0.2714,0.10704,-0.51263,-0.55253,0.75397,0.86347,-0.84898,-0.61874,0.82498,0.02947,-0.4236,-0.4238,-0.04317,0.98034,-0.991,-1.0187,0.9286
0.40625,-0.077012,-0.030818,0.29772,0.11228,-0.50955,-0.5615,0.7481,0.87176,-0.85341,-0.61247,0.81895,-0.032019,-0.42271,-0.43959,-0.059403,0.96891,-0.99246,-1.0031,0.92211
0.39131,-0.085114,-0.044277,0.34299,0.14049,-0.50955,-0.57481,0.75001,0.88601,-0.85572,-0.59889,0.81495,-0.08689,-0.42212,-0.45205,-0.050142,0.95536,-0.98858,-0.99134,0.92088
0.39563,-0.098428,-0.052203,0.39456,0.15619,-0.51123,-0.6037,0.74015,0.90044,-0.85715,-0.57823,0.81512,-0.1143,-0.4297,-0.4611,-0.014769,0.94184,-0.98207,-0.9822,0.92847
0.40914,-0.12313,-0.056744,0.43919,0.15619,-0.51526,-0.61617,0.67809,0.9093,-0.86124,-0.55547,0.81913,-0.11603,-0.45599,-0.46714,0.029325,0.92791,-0.97664,-0.97404,0.94359
0.42013,-0.16067,-0.060033,0.47019,0.1602,-0.52198,-0.62958,0.60787,0.91009,-0.87019,-0.53813,0.82238,-0.1074,-0.50395,-0.46958,0.063671,0.91221,-0.97541,-0.96661,0.96143
0.42287,-0.20596,-0.065905,0.48736,0.1602,-0.53389,-0.63783,0.54156,0.90328,-0.88275,-0.53284,0.8177,-0.10226,-0.56788,-0.47269,0.080218,0.89395,-0.98015,-0.96138,0.97608
0.4181,-0.25038,-0.081072,0.49463,0.16787,-0.54659,-0.64561,0.48909,0.89,-0.89431,-0.54325,0.80039,-0.099818,-0.63528,-0.48479,0.082656,0.87505,-0.99018,-0.96025,0.98294
0.41061,-0.28663,-0.10938,0.496,0.1804,-0.57547,-0.66553,0.46914,0.87169,-0.89984,-0.5679,0.77091,-0.098579,-0.69215,-0.50976,0.077122,0.85744,-1.0027,-0.96424,0.98018
0.40303,-0.31276,-0.14842,0.49288,0.16996,-0.61565,-0.71483,0.46334,0.84961,-0.89726,-0.60034,0.73504,-0.10233,-0.73206,-0.54468,0.065476,0.84098,-1.0148,-0.97302,0.96977
0.39665,-0.33218,-0.18918,0.48667,0.16866,-0.64902,-0.82774,0.45003,0.82638,-0.8889,-0.63156,0.7009,-0.11477,-0.7565,-0.57972,0.049572,0.82299,-1.0255,-0.98578,0.95611
0.39406,-0.34944,-0.22181,0.48028,0.15474,-0.66035,-0.95566,0.425,0.80633,-0.87782,-0.65428,0.67405,-0.12721,-0.76999,-0.60615,0.035165,0.80134,-1.0365,-1.0024,0.94379
0.39966,-0.3648,-0.24292,0.4779,0.15374,-0.66253,-0.99901,0.36959,0.79336,-0.86728,-0.66618,0.65511,-0.11746,-0.77233,-0.62226,0.030607,0.77905,-1.0488,-1.0222,0.93522
0.41471,-0.37555,-0.25729,0.48123,0.14795,-0.65801,-0.99473,0.29011,0.78869,-0.8588,-0.66817,0.64189,-0.07454,-0.76365,-0.63596,0.038434,0.76358,-1.0609,-1.0434,0.92986
0.4334,-0.38115,-0.27167,0.48676,0.16643,-0.65178,-0.88935,0.21343,0.79033,-0.85389,-0.66143,0.63109,-0.015089,-0.7508,-0.65549,0.053483,0.7625,-1.0701,-1.0638,0.9256
0.44501,-0.38498,-0.28903,0.48573,0.19555,-0.65413,-0.79594,0.19584,0.79415,-0.8522,-0.64962,0.61968,0.034172,-0.745,-0.67881,0.062759,0.77682,-1.077,-1.0819,0.91935
0.44113,-0.38945,-0.30886,0.47054,0.21783,-0.62388,-0.72705,0.22557,0.79553,-0.85261,-0.63843,0.60434,0.056697,-0.75336,-0.69868,0.052859,0.79966,-1.0838,-1.0976,0.90818
0.42096,-0.3788,-0.29811,0.44594,0.25631,-0.59199,-0.64904,0.28555,0.79239,-0.85421,-0.63378,0.58445,0.055058,-0.74291,-0.66843,0.023129,0.82243,-1.0955,-1.1125,0.88893
0.39516,-0.30044,-0.18272,0.43459,0.25513,-0.54537,-0.5425,0.37137,0.78591,-0.8535,-0.63634,0.56352,0.047123,-0.63552,-0.49707,0.0014038,0.84062,-1.1095,-1.129,0.85919
0.38143,-0.1075,0.085536,0.48265,0.25648,-0.49512,-0.35804,0.46483,0.78,-0.84561,-0.64279,0.54834,0.059527,-0.37863,-0.15487,0.066626,0.85438,-1.1181,-1.1486,0.82025
0.39188,0.13594,0.39194,0.60502,0.25902,-0.4647,-0.19417,0.54235,0.77921,-0.82833,-0.64929,0.54655,0.10557,-0.083307,0.1992,0.24644,0.86593,-1.1131,-1.1702,0.77759
0.42325,0.35041,0.64634,0.7575,0.26461,-0.45008,-0.078868,0.57771,0.78694,-0.80524,-0.65515,0.5618,0.17191,0.1607,0.4805,0.4606,0.87687,-1.0947,-1.1898,0.73925
0.46194,0.50793,0.82998,0.89255,0.26593,-0.44752,-0.036481,0.58867,0.80309,-0.78314,-0.6611,0.59007,0.23727,0.3343,0.68035,0.64046,0.88769,-1.0717,-1.2029,0.71228
0.49727,0.609,0.94942,0.99015,0.30491,-0.4537,-0.035404,0.60129,0.82423,-0.76656,-0.66743,0.62261,0.28939,0.44382,0.81024,0.76659,0.89884,-1.0539,-1.2083,0.69931
0.52525,0.66431,1.0175,1.0502,0.33878,-0.46795,-0.035404,0.6001,0.84543,-0.7546,-0.67108,0.6514,0.32533,0.50316,0.88497,0.84349,0.91003,-1.0456,-1.2099,0.69789
0.54558,0.68863,1.0497,1.0811,0.35691,-0.46795,-0.035404,0.62654,0.86176,-0.7425,-0.66877,0.6728,0.34679,0.52883,0.92113,0.88288,0.91958,-1.0445,-1.2116,0.70385
0.5576,0.69676,1.062,1.0945,0.37852,-0.46795,-0.035404,0.70292,0.86983,-0.72822,-0.65996,0.68761,0.35407,0.53704,0.93524,0.89954,0.9244,-1.0448,-1.2139,0.7141
0.55927,0.69886,1.066,1.0992,0.40084,-0.46795,-0.035404,0.77549,0.86856,-0.7132,-0.64781,0.69909,0.34508,0.53865,0.94009,0.90499,0.92165,-1.0418,-1.2125,0.72696
0.55163,0.69966,1.0677,1.0995,0.40786,-0.46666,-0.035404,0.83889,0.85927,-0.7012,-0.63621,0.70872,0.3215,0.53875,0.9421,0.90645,0.91043,-1.0316,-1.1999,0.74229
0.53881,0.70017,1.0685,1.0971,0.41136,-0.46666,-0.035404,0.88056,0.84455,-0.69414,-0.63158,0.71691,0.29007,0.5385,0.94317,0.90604,0.89211,-1.0146,-1.174,0.76029
0.52671,0.70072,1.0687,1.0935,0.44839,-0.48054,-0.035404,0.8916,0.82746,-0.68976,-0.63234,0.72704,0.26143,0.53817,0.94381,0.90443,0.86993,-0.99027,-1.1367,0.7822
0.51956,0.70117,1.0685,1.0909,0.48453,-0.47204,-0.035404,0.90211,0.81107,-0.68502,-0.63513,0.74414,0.2441,0.5379,0.94403,0.90241,0.84848,-0.96125,-1.0958,0.81012
0.51713,0.69997,1.0665,1.0895,0.5128,-0.45501,-0.035404,0.91219,0.79819,-0.67827,-0.63611,0.77007,0.2371,0.53624,0.94282,0.89978,0.83081,-0.93051,-1.0587,0.84444
0.51351,0.69212,1.059,1.0866,0.51386,-0.42228,-0.035404,0.92242,0.79105,-0.67192,-0.63601,0.79992,0.22985,0.52873,0.93697,0.89425,0.81775,-0.9037,-1.0299,0.88192
0.50147,0.66605,1.0353,1.0726,0.50034,-0.38686,-0.035404,0.92392,0.78976,-0.66975,-0.63735,0.82532,0.2103,0.50364,0.91653,0.87778,0.8087,-0.88563,-1.0114,0.91647
0.47807,0.60694,0.98057,1.0356,0.49508,-0.3774,-0.040597,0.92392,0.79149,-0.67419,-0.63988,0.83957,0.17057,0.44488,0.86653,0.83735,0.80332,-0.87829,-1.0014,0.94294
0.44606,0.50134,0.87941,0.96556,0.50003,-0.39519,-0.071297,0.92676,0.79042,-0.68414,-0.63952,0.84133,0.11126,0.33661,0.77119,0.75891,0.80268,-0.88096,-0.99573,0.9599
0.41324,0.3412,0.71923,0.86005,0.50003,-0.41965,-0.16464,0.93443,0.78103,-0.69539,-0.63271,0.83428,0.039459,0.16657,0.61716,0.63156,0.80732,-0.88989,-0.98909,0.9696
0.38679,0.13041,0.49273,0.72941,0.49493,-0.44001,-0.33993,0.93889,0.76071,-0.7036,-0.62086,0.82504,-0.034156,-0.06884,0.39531,0.4532,0.81566,-0.89957,-0.97635,0.97608
0.36836,-0.099002,0.21019,0.60083,0.49343,-0.44001,-0.54817,0.94356,0.73124,-0.70904,-0.60959,0.81962,-0.096575,-0.34783,0.10986,0.23955,0.82447,-0.90475,-0.95633,0.98192
0.35295,-0.27811,-0.072681,0.5094,0.47137,-0.44001,-0.70561,0.94485,0.69862,-0.71545,-0.60295,0.82015,-0.14124,-0.59039,-0.19806,0.040476,0.83155,-0.9019,-0.93206,0.98695
0.33547,-0.3637,-0.25721,0.46531,0.46987,-0.43651,-0.70896,0.94485,0.67046,-0.72454,-0.60097,0.8254,-0.16606,-0.70648,-0.43655,-0.088265,0.83833,-0.89129,-0.90842,0.98942
0.31488,-0.38938,-0.32678,0.45104,0.46987,-0.42885,-0.67383,0.94485,0.65299,-0.73375,-0.60139,0.8325,-0.17596,-0.72011,-0.5585,-0.14694,0.84649,-0.87734,-0.89018,0.98877
0.29318,-0.40167,-0.34325,0.44768,0.45093,-0.42028,-0.66402,0.93224,0.64768,-0.73675,-0.60271,0.84038,-0.18115,-0.70927,-0.60822,-0.17941,0.8558,-0.86776,-0.88085,0.98703
0.27387,-0.41117,-0.33858,0.44813,0.43053,-0.4098,-0.66402,0.91321,0.65197,-0.72928,-0.60173,0.84884,-0.18766,-0.69807,-0.62124,-0.19594,0.86352,-0.86725,-0.8804,0.98718
0.25973,-0.41652,-0.32772,0.45,0.43053,-0.38934,-0.66402,0.8886,0.66061,-0.71503,-0.60037,0.85573,-0.19587,-0.68771,-0.61898,-0.18766,0.86704,-0.87728,-0.88776,0.98994
0.25072,-0.41275,-0.31447,0.45,0.4293,-0.36023,-0.67961,0.84987,0.66801,-0.70077,-0.60079,0.85603,-0.20198,-0.67426,-0.60987,-0.15307,0.86514,-0.89479,-0.89894,0.99287
0.24542,-0.39924,-0.30278,0.44316,0.45143,-0.34003,-0.71739,0.81741,0.6704,-0.69111,-0.60426,0.8455,-0.20718,-0.65616,-0.59969,-0.10734,0.85918,-0.91465,-0.90838,0.99223
0.24304,-0.38287,-0.29633,0.42606,0.47273,-0.33534,-0.73839,0.7896,0.66681,-0.68632,-0.60965,0.82391,-0.21307,-0.63734,-0.59342,-0.066267,0.85221,-0.93345,-0.91018,0.98725
0.24231,-0.37088,-0.29481,0.40181,0.477,-0.35934,-0.72189,0.76022,0.65954,-0.6838,-0.61406,0.79695,-0.22433,-0.6251,-0.59207,-0.034008,0.84722,-0.95042,-0.9013,0.9801
0.23993,-0.36552,-0.29567,0.38057,0.4711,-0.3764,-0.70898,0.70438,0.65242,-0.68068,-0.61514,0.77279,-0.24237,-0.62265,-0.59467,-0.0028789,0.84544,-0.96527,-0.88329,0.97356
0.23344,-0.36056,-0.29733,0.37192,0.45588,-0.42043,-0.7084,0.62339,0.6489,-0.67481,-0.61321,0.75883,-0.26196,-0.62303,-0.6025,0.032592,0.8466,-0.97587,-0.86202,0.96826
0.22194,-0.35027,-0.30033,0.37585,0.43458,-0.47156,-0.7084,0.6017,0.64835,-0.66685,-0.61023,0.75678,-0.27303,-0.6176,-0.61756,0.070976,0.85003,-0.97947,-0.84396,0.96281
0.2089,-0.33005,-0.30599,0.38436,0.43302,-0.51294,-0.7084,0.60443,0.64984,-0.65944,-0.60685,0.7628,-0.25877,-0.59408,-0.64089,0.10324,0.85486,-0.97795,-0.83438,0.9559
0.20228,-0.29977,-0.31491,0.39068,0.43162,-0.53319,-0.7084,0.62212,0.65437,-0.65526,-0.60245,0.77089,-0.21298,-0.55009,-0.66916,0.12541,0.86072,-0.97665,-0.83499,0.9491
0.20925,-0.26567,-0.3277,0.39265,0.41953,-0.53691,-0.71318,0.63507,0.6648,-0.65613,-0.59724,0.77715,-0.14951,-0.49722,-0.69823,0.13819,0.86687,-0.98221,-0.84484,0.94605
0.22962,-0.23514,-0.34463,0.39155,0.41263,-0.52868,-0.72379,0.6294,0.68205,-0.662,-0.593,0.77984,-0.089997,-0.45127,-0.72576,0.14397,0.87189,-0.99693,-0.86133,0.94997
0.25505,-0.21335,-0.36454,0.38876,0.40142,-0.52206,-0.74526,0.60749,0.70196,-0.67077,-0.59143,0.77899,-0.046062,-0.42046,-0.7529,0.14388,0.8755,-1.0169,-0.88131,0.95995
0.27404,-0.20184,-0.38458,0.3852,0.39126,-0.51717,-0.77968,0.62137,0.71846,-0.68,-0.59329,0.7745,-0.021475,-0.40584,-0.78471,0.13675,0.8786,-1.035,-0.90214,0.97116
0.2811,-0.20019,-0.39998,0.38064,0.38328,-0.51257,-0.78499,0.63366,0.7275,-0.68798,-0.59853,0.7672,-0.010223,-0.40348,-0.82084,0.12069,0.88289,-1.0468,-0.92258,0.97834
0.27794,-0.20606,-0.40382,0.37578,0.37421,-0.51257,-0.76594,0.61708,0.72919,-0.69365,-0.60673,0.76001,-0.0048347,-0.40673,-0.84869,0.096793,0.8894,-1.0536,-0.94203,0.97906
0.27101,-0.21409,-0.39358,0.37383,0.35899,-0.51257,-0.75068,0.57188,0.72658,-0.69629,-0.61696,0.7589,0.00056912,-0.40757,-0.85174,0.06788,0.89818,-1.0589,-0.95957,0.97393
0.26602,-0.21811,-0.37126,0.3795,0.35465,-0.51257,-0.73634,0.5364,0.72242,-0.69643,-0.62656,0.76792,0.0097814,-0.39965,-0.82368,0.039762,0.90783,-1.0633,-0.97544,0.96553
0.26416,-0.21433,-0.34294,0.395,0.35289,-0.53245,-0.7524,0.53598,0.71721,-0.69587,-0.63315,0.78566,0.021568,-0.38347,-0.77734,0.017833,0.91596,-1.0636,-0.99235,0.9555
0.2642,-0.20406,-0.31515,0.41409,0.348,-0.58702,-0.75392,0.54444,0.71008,-0.69685,-0.6362,0.80581,0.033648,-0.3645,-0.73185,-0.0014848,0.91984,-1.0555,-1.0144,0.9445
0.26453,-0.19163,-0.2935,0.4265,0.33975,-0.6415,-0.71096,0.54784,0.69957,-0.70078,-0.63791,0.82355,0.043488,-0.34835,-0.70076,-0.026507,0.91832,-1.0395,-1.0453,0.93351
0.2653,-0.18125,-0.28089,0.42529,0.32722,-0.68534,-0.68007,0.54784,0.686,-0.70842,-0.64027,0.83572,0.050659,-0.33735,-0.68475,-0.06542,0.91282,-1.0195,-1.0854,0.92522
0.26815,-0.17405,-0.27584,0.41155,0.30658,-0.68534,-0.62784,0.54784,0.67188,-0.71772,-0.64357,0.8414,0.057924,-0.33019,-0.6741,-0.11551,0.90714,-0.99921,-1.1299,0.92173
0.27705,-0.17179,-0.27341,0.39371,0.27414,-0.68534,-0.61198,0.54784,0.65943,-0.72523,-0.6475,0.84087,0.070182,-0.32895,-0.65743,-0.16422,0.90544,-0.97873,-1.1697,0.92197
0.29438,-0.17754,-0.26775,0.38099,0.23302,-0.6854,-0.60275,0.54022,0.64863,-0.72742,-0.65287,0.83577,0.091938,-0.33751,-0.62992,-0.19519,0.91043,-0.95696,-1.1929,0.92059
0.3178,-0.19205,-0.25447,0.37656,0.18603,-0.69661,-0.60275,0.52051,0.63778,-0.72299,-0.66044,0.82816,0.12157,-0.35631,-0.59673,-0.20185,0.92208,-0.93437,-1.1936,0.91142
0.34164,-0.2099,-0.23428,0.37637,0.13869,-0.67361,-0.60275,0.50388,0.62662,-0.71466,-0.66997,0.81986,0.15258,-0.3778,-0.56821,-0.19399,0.93699,-0.9151,-1.1755,0.89058
0.35958,-0.22009,-0.21114,0.37633,0.1119,-0.61106,-0.59989,0.49939,0.61887,-0.70698,-0.67966,0.81096,0.17551,-0.39022,-0.55161,-0.17971,0.95069,-0.90388,-1.1483,0.85843
0.37117,-0.2132,-0.18903,0.37706,0.10047,-0.58391,-0.577,0.46847,0.62029,-0.70382,-0.68674,0.80089,0.1892,-0.38536,-0.54482,-0.15934,0.9593,-0.90232,-1.1207,0.8196
0.38187,-0.19167,-0.1699,0.38261,0.066513,-0.57384,-0.55383,0.44424,0.63288,-0.70637,-0.68648,0.78913,0.20063,-0.36735,-0.54127,-0.12667,0.96107,-0.90786,-1.0988,0.78279
0.39966,-0.16649,-0.15343,0.39825,0.017711,-0.5781,-0.54735,0.42082,0.65289,-0.71435,-0.66771,0.77438,0.22148,-0.34706,-0.53145,-0.076619,0.95654,-0.91608,-1.0798,0.75603
0.42949,-0.14754,-0.13726,0.4238,-0.0033786,-0.5781,-0.50756,0.39252,0.67496,-0.72653,-0.61317,0.75378,0.25982,-0.33284,-0.51093,-0.014202,0.9471,-0.92405,-1.06,0.74156
0.4682,-0.13753,-0.12032,0.45372,0.029805,-0.5781,-0.38513,0.35691,0.6955,-0.74082,-0.52216,0.72419,0.31101,-0.32604,-0.48196,0.047163,0.93482,-0.93176,-1.0361,0.73585
0.50922,-0.13315,-0.1033,0.48041,0.047929,-0.5781,-0.2554,0.32829,0.71417,-0.75358,-0.41732,0.68546,0.3639,-0.32321,-0.45118,0.093671,0.92146,-0.9405,-1.0091,0.73356
0.54533,-0.13057,-0.089856,0.49973,0.065682,-0.5781,-0.17946,0.31671,0.7315,-0.76093,-0.32461,0.64154,0.40657,-0.32152,-0.42665,0.12108,0.90939,-0.95063,-0.9826,0.73227
0.57415,-0.12756,-0.082364,0.51227,0.085125,-0.5781,-0.16547,0.3242,0.74794,-0.76091,-0.25753,0.59771,0.43505,-0.31889,-0.41316,0.13178,0.90102,-0.96141,-0.96065,0.73228
0.5956,-0.12574,-0.079731,0.52248,0.06452,-0.58443,-0.16176,0.35615,0.76374,-0.75568,-0.21711,0.55733,0.44995,-0.31971,-0.41183,0.13629,0.8958,-0.97273,-0.94524,0.73253
0.61217,-0.12246,-0.078958,0.53386,0.054286,-0.59834,-0.15891,0.36383,0.78027,-0.75048,-0.19695,0.52114,0.45522,-0.3239,-0.42358,0.14314,0.89049,-0.98716,-0.93581,0.73131
0.62549,-0.11102,-0.075425,0.54723,0.054286,-0.59834,-0.15891,0.36383,0.799,-0.74993,-0.1884,0.48983,0.45338,-0.32725,-0.4429,0.15723,0.88101,-1.0071,-0.93063,0.7286
0.63631,-0.085346,-0.067307,0.56164,0.060543,-0.60749,-0.15891,0.36383,0.81956,-0.75546,-0.18489,0.46701,0.44495,-0.32454,-0.46379,0.17947,0.86467,-1.0321,-0.92965,0.72958
0.6463,-0.044729,-0.053655,0.57743,0.081347,-0.61305,-0.15891,0.37006,0.83915,-0.76441,-0.18384,0.45754,0.43308,-0.31214,-0.47524,0.20842,0.84141,-1.0582,-0.93309,0.74056
0.65814,0.0024756,-0.034899,0.59693,0.081347,-0.5944,-0.15891,0.36049,0.85378,-0.77118,-0.18394,0.46631,0.42341,-0.29413,-0.46733,0.24388,0.81452,-1.0795,-0.94062,0.76251
0.67398,0.045351,-0.014213,0.62107,0.081347,-0.60213,-0.15891,0.34471,0.86094,-0.77246,-0.18461,0.49374,0.42337,-0.27834,-0.43932,0.2827,0.78853,-1.0922,-0.94994,0.79156
0.69244,0.076916,0.0025225,0.6469,0.081347,-0.60465,-0.15891,0.33819,0.86067,-0.76937,-0.18556,0.53368,0.43348,-0.26974,-0.40404,0.31826,0.76988,-1.0966,-0.95826,0.82118
0.70856,0.096598,0.010466,0.66988,0.080796,-0.58391,-0.15891,0.33582,0.85618,-0.76444,-0.1877,0.57567,0.44614,-0.26716,-0.37562,0.34546,0.76428,-1.0941,-0.96132,0.84635
0.71762,0.1088,0.0076729,0.68574,0.080796,-0.59206,-0.15891,0.35507,0.85231,-0.75942,-0.19479,0.61091,0.45303,-0.26447,-0.36408,0.36515,0.77367,-1.0862,-0.9609,0.86505
0.71735,0.11843,-0.0065806,0.69157,0.080796,-0.6157,-0.15891,0.35507,0.85201,-0.75443,-0.21534,0.63708,0.44932,-0.25652,-0.37453,0.38012,0.79493,-1.0753,-0.96146,0.87725
0.71022,0.12761,-0.029888,0.68604,0.072787,-0.6546,-0.15891,0.35507,0.85569,-0.74859,-0.25924,0.65783,0.4369,-0.24458,-0.40468,0.39198,0.82072,-1.0634,-0.96734,0.88367
0.70025,0.13561,-0.058725,0.67086,0.10081,-0.67371,-0.1676,0.35507,0.86178,-0.74139,-0.33309,0.67866,0.4207,-0.23203,-0.44841,0.40166,0.84417,-1.0518,-0.9795,0.88575
0.69084,0.14055,-0.086802,0.6494,0.14575,-0.67965,-0.20363,0.35507,0.8684,-0.73449,-0.43558,0.70155,0.40658,-0.22229,-0.496,0.40682,0.86048,-1.0408,-0.9949,0.88581
0.68255,0.14117,-0.10682,0.62697,0.2078,-0.65954,-0.30164,0.35507,0.87419,-0.72946,-0.553,0.72411,0.39643,-0.21737,-0.53336,0.40854,0.86658,-1.031,-1.0096,0.88604
0.67464,0.13772,-0.11485,0.60744,0.27067,-0.6209,-0.4486,0.35253,0.87732,-0.72683,-0.66041,0.74317,0.38982,-0.21559,-0.55011,0.4063,0.86234,-1.0232,-1.0212,0.88815
0.66488,0.12882,-0.11222,0.59307,0.34624,-0.59997,-0.54002,0.34996,0.87533,-0.72596,-0.73419,0.75731,0.38306,-0.21815,-0.53942,0.4017,0.85008,-1.0167,-1.03,0.89253
0.6496,0.11287,-0.10499,0.58272,0.39947,-0.59997,-0.54002,0.34239,0.86653,-0.72527,-0.77037,0.76744,0.37247,-0.22474,-0.50654,0.39504,0.83397,-1.0096,-1.0371,0.89815
0.62502,0.089127,-0.09793,0.57336,0.44136,-0.59997,-0.54002,0.34239,0.85151,-0.72364,-0.78078,0.77443,0.35583,-0.23301,-0.4602,0.38482,0.81774,-1.001,-1.0429,0.90277
0.58875,0.057864,-0.096151,0.56097,0.45775,-0.59997,-0.54002,0.34239,0.83355,-0.72196,-0.77574,0.77851,0.33216,-0.24096,-0.4145,0.36905,0.80236,-0.99142,-1.0471,0.90431
0.54091,0.020461,-0.10451,0.54123,0.46162,-0.6008,-0.52498,0.34362,0.81695,-0.72294,-0.76415,0.77819,0.30223,-0.2479,-0.38276,0.34484,0.78682,-0.98296,-1.0506,0.90183
0.48518,-0.021244,-0.12359,0.51322,0.46162,-0.62582,-0.50724,0.36099,0.80461,-0.72803,-0.75075,0.77287,0.2682,-0.25535,-0.37062,0.31305,0.77089,-0.97646,-1.0542,0.89472
0.42789,-0.064321,-0.14694,0.48024,0.46162,-0.65676,-0.48516,0.37069,0.79616,-0.736,-0.7378,0.76391,0.23358,-0.26394,-0.3736,0.27909,0.75561,-0.971,-1.0586,0.88397
0.37728,-0.10424,-0.16377,0.44714,0.46162,-0.69243,-0.47006,0.37536,0.78873,-0.74529,-0.72494,0.75398,0.2004,-0.27258,-0.37954,0.24864,0.74244,-0.96673,-1.0637,0.87145
0.33897,-0.13787,-0.16569,0.41677,0.46162,-0.71817,-0.44295,0.37155,0.7801,-0.75432,-0.71306,0.74522,0.16605,-0.28145,-0.37589,0.2193,0.73042,-0.9651,-1.0694,0.85922
0.3132,-0.16524,-0.15257,0.39007,0.46162,-0.73966,-0.42935,0.38061,0.77056,-0.76276,-0.70296,0.73772,0.12336,-0.29325,-0.35688,0.18799,0.71653,-0.96714,-1.0757,0.84841
0.29452,-0.18896,-0.13326,0.36847,0.46162,-0.77224,-0.42935,0.41253,0.76104,-0.77133,-0.69439,0.72974,0.063647,-0.31124,-0.33032,0.15569,0.69912,-0.97338,-1.0836,0.83926
0.27747,-0.21078,-0.11563,0.35374,0.46162,-0.81381,-0.47101,0.43353,0.75084,-0.78143,-0.68587,0.7186,-0.015853,-0.33562,-0.30461,0.12902,0.68013,-0.98324,-1.0937,0.8316
0.26359,-0.22878,-0.10351,0.3482,0.46162,-0.86802,-0.46955,0.43632,0.73786,-0.79422,-0.67663,0.70347,-0.10446,-0.36096,-0.28372,0.11352,0.6649,-0.99695,-1.1051,0.82541
0.30375,-0.2378,-0.098013,0.37423,0.46538,-0.92308,-0.46626,0.44375,0.7198,-0.81001,-0.66823,0.68507,-0.093213,-0.37759,-0.26979,0.14948,0.65836,-1.0135,-1.1138,0.82121
0.49233,-0.2311,-0.099637,0.49692,0.46034,-0.93758,-0.46439,0.47097,0.6995,-0.82613,-0.66086,0.66684,0.19631,-0.37321,-0.26206,0.31589,0.66079,-1.0296,-1.1135,0.8197
0.83746,-0.20244,-0.10965,0.76589,0.45893,-0.94003,-0.46219,0.52571,0.68305,-0.83471,-0.65287,0.65401,0.64852,-0.33814,-0.2622,0.63318,0.66721,-1.0393,-1.0985,0.82111
0.8596,-0.14937,-0.12931,1.0798,0.45096,-0.97143,-0.46219,0.59671,0.68502,-0.82741,-0.64056,0.65259,0.67345,-0.27098,-0.27235,0.96764,0.67389,-1.0393,-1.0665,0.82397
0.88534,-0.077596,-0.1579,1.1047,0.42532,-0.98744,-0.46219,0.59671,0.69293,-0.80099,-0.6213,0.65101,0.70118,-0.18237,-0.29369,0.99441,0.67821,-1.0297,-1.0175,0.82436
0.91484,0.0059333,-0.18748,1.1318,0.36561,-0.89824,-0.46608,0.59671,0.70296,-0.76019,-0.59568,0.6491,0.73123,-0.083264,-0.31822,1.0228,0.68052,-1.0114,-0.95486,0.82154
0.94808,0.095194,-0.20192,1.162,0.30023,-0.83179,-0.48475,0.59671,0.71306,-0.71482,-0.56823,0.6449,0.76409,0.018838,-0.32737,1.0538,0.68298,-0.9866,-0.88602,0.81465
0.98501,0.18073,-0.18981,1.1952,0.25087,-0.79606,-0.4924,0.58782,0.72296,-0.67366,-0.54503,0.63688,0.80026,0.11385,-0.30684,1.088,0.68737,-0.9596,-0.82109,0.80509
1.0261,0.25353,-0.15611,1.2316,0.22897,-0.79138,-0.49713,0.58782,0.73319,-0.6411,-0.53025,0.62363,0.84077,0.19262,-0.2616,1.1259,0.69152,-0.93707,-0.76782,0.79501
1.0721,0.30692,-0.11778,1.2715,0.21503,-0.77535,-0.50136,0.58717,0.74243,-0.61732,-0.52539,0.60564,0.88729,0.24892,-0.21241,1.1679,0.68994,-0.92322,-0.72892,0.78538
1.1238,0.33792,-0.089574,1.3156,0.20165,-0.76862,-0.51001,0.57823,0.74555,-0.59938,-0.52736,0.58703,0.94153,0.28059,-0.1777,1.2144,0.67859,-0.91709,-0.70212,0.77562
1.1825,0.35065,-0.074956,1.3656,0.18851,-0.76862,-0.53016,0.57823,0.73542,-0.58433,-0.53074,0.57366,1.0058,0.29281,-0.16397,1.2666,0.65942,-0.91321,-0.68277,0.76673
1.2511,0.35191,-0.06889,1.4242,0.18586,-0.68569,-0.57443,0.57823,0.7064,-0.5688,-0.52915,0.5698,1.0831,0.2936,-0.16796,1.3265,0.64172,-0.90596,-0.66545,0.76268
1.3356,0.35048,-0.062672,1.4618,0.16087,-0.56446,-0.58674,0.57823,0.65716,-0.55225,-0.5189,0.61748,1.1785,0.29167,-0.18079,1.3694,0.63585,-0.89441,-0.64736,0.76923
1.3543,0.35306,-0.051366,1.4643,0.46486,-0.47487,-0.56944,0.57823,0.71369,-0.53516,-0.50166,0.66307,1.2149,0.29358,-0.19329,1.3729,0.69378,-0.88083,-0.62898,0.78546
1.3534,0.36017,-0.036704,1.46,0.54945,-0.43654,-0.5573,0.56219,0.77869,-0.51933,-0.48282,0.70019,1.2287,0.29997,-0.2001,1.3689,0.73689,-0.86863,-0.6131,0.80183
1.2843,0.36805,-0.023353,1.432,0.55932,-0.42772,-0.5476,0.56219,0.83294,-0.50627,-0.46947,0.72504,1.1737,0.30687,-0.20184,1.3409,0.75922,-0.86097,-0.60326,0.81162
0.769,0.37163,-0.014053,1.3092,0.56159,-0.42772,-0.57664,0.54177,0.86818,-0.49856,-0.46673,0.73543,0.69816,0.30922,-0.2009,1.2187,0.76197,-0.86061,-0.60218,0.81507
0.74664,0.36598,-0.008168,0.69308,0.56805,-0.42772,-0.5899,0.41742,0.83107,-0.49804,-0.4763,0.72297,0.67451,0.30184,-0.19904,0.62582,0.7309,-0.86949,-0.61068,0.81764
0.71629,0.34794,-0.0035963,0.65475,0.57173,-0.42772,-0.57712,0.41953,0.80096,-0.50458,-0.49595,0.70333,0.64178,0.28111,-0.19629,0.58508,0.69815,-0.889,-0.6285,0.82578
0.68155,0.31404,-0.001523,0.62288,0.57655,-0.42772,-0.56469,0.43178,0.78082,-0.51603,-0.521,0.68917,0.60364,0.24306,-0.19702,0.55021,0.66772,-0.91968,-0.65515,0.83409
0.64505,0.25942,-0.0072686,0.5947,0.58307,-0.40828,-0.56859,0.44362,0.76997,-0.5282,-0.54648,0.68468,0.56287,0.1821,-0.21038,0.51772,0.64392,-0.95965,-0.68971,0.84333
0.60915,0.18175,-0.025585,0.56778,0.58307,-0.40232,-0.57825,0.44362,0.76695,-0.5352,-0.56726,0.69302,0.52274,0.094796,-0.24506,0.4847,0.62927,-1.0034,-0.729,0.85464
0.57683,0.084365,-0.057194,0.5417,0.58307,-0.40232,-0.60265,0.44362,0.76978,-0.53154,-0.57982,0.71354,0.48622,-0.017129,-0.30382,0.45145,0.62494,-1.0412,-0.7676,0.86804
0.55114,-0.01835,-0.097562,0.51805,0.58307,-0.40232,-0.59592,0.44362,0.77586,-0.51406,-0.58193,0.74265,0.45695,-0.14059,-0.38027,0.41987,0.63016,-1.0598,-0.79976,0.88107
0.53475,-0.098842,-0.13855,0.49996,0.58307,-0.40401,-0.59158,0.47019,0.78188,-0.48509,-0.57482,0.77492,0.43706,-0.2445,-0.45835,0.39267,0.64263,-1.0519,-0.82251,0.89251
0.52769,-0.14027,-0.17351,0.48977,0.58307,-0.41442,-0.59029,0.51407,0.78514,-0.45038,-0.56302,0.80479,0.42614,-0.3041,-0.51824,0.37126,0.65842,-1.0226,-0.83725,0.90374
0.52743,-0.15014,-0.19945,0.48732,0.58307,-0.40216,-0.58912,0.57363,0.78462,-0.4185,-0.5538,0.82789,0.42039,-0.323,-0.54656,0.35432,0.67427,-0.9854,-0.84841,0.91623
0.53055,-0.15462,-0.21722,0.33128,0.58307,-0.40205,-0.58912,0.60313,0.78131,-0.39448,-0.55344,0.84556,0.41547,-0.33017,-0.54592,0.11512,0.68913,-0.95144,-0.85964,0.93906
0.50774,-0.17365,-0.22817,0.3328,0.54022,-0.41922,-0.58912,0.62742,0.76201,-0.38001,-0.56166,0.8547,0.37436,-0.35283,-0.52699,0.068997,0.69496,-0.92573,-0.87123,0.96236
0.49138,-0.20944,-0.23227,0.3491,0.47955,-0.43801,-0.58912,0.64785,0.74448,-0.37287,-0.57165,0.85898,0.33738,-0.39854,-0.50041,0.044361,0.70636,-0.90806,-0.88021,0.98502
0.47162,-0.25091,-0.2299,0.36271,0.37764,-0.4317,-0.58014,0.64785,0.73313,-0.3699,-0.57368,0.86267,0.28877,-0.45907,-0.47393,0.019039,0.72506,-0.89569,-0.88183,1.0063
0.4528,-0.28197,-0.22303,0.37541,0.296,-0.39537,-0.56318,0.6459,0.72884,-0.36829,-0.56272,0.8686,0.23538,-0.51926,-0.45349,-0.00022725,0.75087,-0.88442,-0.8733,1.0247
0.43875,-0.29211,-0.21281,0.38861,0.26101,-0.37791,-0.55349,0.64069,0.73029,-0.3669,-0.54181,0.87826,0.18178,-0.56462,-0.44188,-0.015059,0.78053,-0.87076,-0.85596,1.0384
0.43317,-0.28497,-0.20169,0.40521,0.25463,-0.3738,-0.56043,0.63423,0.73577,-0.36702,-0.51837,0.89059,0.1351,-0.59425,-0.4403,-0.032953,0.80957,-0.85381,-0.8333,1.0464
0.43646,-0.27172,-0.19277,0.42804,0.25463,-0.3738,-0.58471,0.63423,0.74262,-0.3703,-0.4988,0.90207,0.10304,-0.61615,-0.44942,-0.056326,0.83663,-0.83482,-0.81022,1.049
0.44586,-0.25929,-0.18871,0.45654,0.25412,-0.3738,-0.60271,0.63423,0.74799,-0.37702,-0.48521,0.90838,0.089191,-0.63737,-0.46672,-0.080893,0.86252,-0.81601,-0.78921,1.0472
0.45688,-0.24891,-0.19144,0.48622,0.26,-0.3738,-0.59755,0.63423,0.74835,-0.38704,-0.4779,0.90574,0.08775,-0.65673,-0.48858,-0.099437,0.88937,-0.79874,-0.77146,1.0416
0.46512,-0.23946,-0.19937,0.51088,0.27255,-0.3738,-0.62765,0.63423,0.74114,-0.401,-0.47621,0.89253,0.088369,-0.66828,-0.51047,-0.11034,0.91739,-0.78375,-0.756,1.0328
0.46766,-0.23202,-0.20952,0.52554,0.27255,-0.3738,-0.65178,0.63423,0.7263,-0.42193,-0.48022,0.86867,0.080772,-0.66899,-0.52917,-0.11844,0.94347,-0.77357,-0.74117,1.0224
0.46313,-0.22982,-0.21899,0.52807,0.27255,-0.3738,-0.65539,0.63423,0.70643,-0.45292,-0.48946,0.83544,0.058631,-0.66558,-0.54297,-0.13182,0.96373,-0.77169,-0.72792,1.0108
0.45398,-0.23501,-0.2277,0.51964,0.28721,-0.3738,-0.65539,0.63423,0.68561,-0.49478,-0.50259,0.79537,0.021114,-0.6662,-0.55324,-0.15452,0.97676,-0.78119,-0.71887,0.99644
0.44641,-0.24458,-0.23811,0.5037,0.28496,-0.3738,-0.65539,0.63532,0.66795,-0.54279,-0.51659,0.75297,-0.023897,-0.67093,-0.56289,-0.18174,0.98379,-0.80077,-0.71741,0.97674
0.44652,-0.25374,-0.25445,0.48643,0.26692,-0.39897,-0.65539,0.62298,0.656,-0.58804,-0.52693,0.71449,-0.062418,-0.67621,-0.5768,-0.194,0.98732,-0.82624,-0.72524,0.95035
0.45414,-0.25962,-0.27992,0.47467,0.30969,-0.43828,-0.64101,0.57689,0.65074,-0.62153,-0.53106,0.68555,-0.08768,-0.67982,-0.60123,-0.174,0.98964,-0.85267,-0.74121,0.91813
0.46473,-0.26204,-0.31415,0.47215,0.36115,-0.46063,-0.62987,0.50289,0.65181,-0.64089,-0.53016,0.66719,-0.10027,-0.68704,-0.63894,-0.12603,0.99162,-0.87817,-0.76235,0.88267
0.4731,-0.2637,-0.35229,0.47597,0.3922,-0.51067,-0.63001,0.42091,0.6574,-0.65017,-0.52871,0.65807,-0.1003,-0.70558,-0.68742,-0.074773,0.99262,-0.90262,-0.78591,0.84625
0.4777,-0.26947,-0.38735,0.48079,0.39384,-0.55364,-0.64882,0.38237,0.6644,-0.65519,-0.5318,0.65577,-0.084067,-0.74307,-0.73956,-0.037454,0.99121,-0.92821,-0.81041,0.8118
0.48058,-0.28272,-0.41885,0.48033,0.39384,-0.57112,-0.66202,0.40351,0.66943,-0.6603,-0.54267,0.65854,-0.048219,-0.80326,-0.79222,-0.017327,0.98675,-0.95679,-0.83633,0.78319
0.48465,-0.30303,-0.45103,0.4705,0.39384,-0.61158,-0.65286,0.44425,0.67032,-0.66674,-0.56126,0.6658,-0.0025865,-0.87674,-0.84607,-0.0068374,0.98046,-0.9875,-0.86666,0.76302
0.48929,-0.32494,-0.48513,0.45006,0.39384,-0.65447,-0.67198,0.49527,0.6685,-0.67423,-0.58413,0.6766,0.036768,-0.94191,-0.89189,0.0048128,0.97419,-1.0184,-0.90266,0.74995
0.49455,-0.34154,-0.51322,0.42076,0.39384,-0.67986,-0.68142,0.56551,0.66635,-0.68362,-0.60546,0.68846,0.062207,-0.96981,-0.90929,0.021821,0.9693,-1.0465,-0.94283,0.73921
0.49884,-0.35097,-0.5209,0.38881,0.39384,-0.71321,-0.68852,0.64607,0.66629,-0.69534,-0.61836,0.69971,0.073619,-0.96164,-0.87939,0.0437,0.96386,-1.0702,-0.98215,0.72614
0.50313,-0.35348,-0.48945,0.36347,0.38996,-0.7597,-0.73648,0.70755,0.6686,-0.70943,-0.61977,0.7112,0.080043,-0.93795,-0.79743,0.066437,0.95435,-1.0909,-1.0163,0.7091
0.50845,-0.34169,-0.4004,0.35527,0.36972,-0.77849,-0.72778,0.72935,0.67186,-0.71956,-0.60872,0.72682,0.089191,-0.88832,-0.66331,0.088824,0.93983,-1.11,-1.0469,0.69047
0.51604,-0.28444,-0.23387,0.37268,0.35129,-0.76432,-0.51341,0.73732,0.6755,-0.71631,-0.58827,0.75038,0.10418,-0.74889,-0.46418,0.11306,0.92354,-1.1274,-1.0756,0.67454
0.52419,-0.16926,-0.026821,0.41384,0.34574,-0.75873,-0.24516,0.75614,0.68093,-0.69392,-0.56399,0.7807,0.12242,-0.53055,-0.2372,0.14431,0.91051,-1.1389,-1.0997,0.66694
0.52759,-0.027624,0.16417,0.46597,0.34574,-0.76361,-0.0885,0.76588,0.68943,-0.65694,-0.54221,0.81153,0.1383,-0.30987,-0.034213,0.18231,0.90492,-1.142,-1.1099,0.67167
0.5204,0.10035,0.31049,0.51221,0.35067,-0.7223,-0.027264,0.77509,0.70013,-0.61721,-0.5279,0.8371,0.14533,-0.13415,0.11903,0.21853,0.90719,-1.1341,-1.0971,0.68727
0.50088,0.19336,0.40572,0.54083,0.3705,-0.66689,-0.018474,0.78826,0.71041,-0.58477,-0.52309,0.85546,0.1425,-0.015045,0.21655,0.23728,0.91417,-1.1149,-1.0641,0.70747
0.47235,0.24982,0.45876,0.55225,0.39135,-0.51513,-0.016992,0.78885,0.71876,-0.56241,-0.52489,0.86876,0.13212,0.05577,0.2689,0.23438,0.9214,-1.0866,-1.0228,0.7249
0.44372,0.27908,0.48637,0.55891,0.39733,-0.30912,-0.016992,0.78885,0.72595,-0.54796,-0.52713,0.88009,0.12083,0.094287,0.29511,0.22226,0.92573,-1.0547,-0.98223,0.73585
0.42298,0.296,0.50798,0.5748,0.42293,-0.11771,-0.016992,0.78885,0.73329,-0.5386,-0.52411,0.8907,0.11547,0.1204,0.319,0.22289,0.9265,-1.0251,-0.94566,0.73945
0.41088,0.31219,0.53479,0.60428,0.48274,0.013197,-0.016992,0.78885,0.74021,-0.53266,-0.51479,0.89933,0.11562,0.14766,0.3536,0.24985,0.92571,-1.0014,-0.91357,0.73723
0.40296,0.33083,0.56506,0.64108,0.48813,0.05041,-0.016992,0.78885,0.7446,-0.52871,-0.50222,0.90431,0.11852,0.17803,0.39489,0.29728,0.92632,-0.98487,-0.88573,0.73286
0.39852,0.34898,0.59085,0.67697,0.48813,0.05041,-0.016992,0.78885,0.74542,-0.52668,-0.49218,0.90613,0.12529,0.20574,0.4306,0.3507,0.92893,-0.97397,-0.86295,0.73152
0.39822,0.36307,0.60716,0.70868,0.48813,0.05041,-0.016992,0.78885,0.74551,-0.52354,-0.48665,0.90741,0.13664,0.22613,0.45337,0.40114,0.93036,-0.96662,-0.84604,0.73835
0.40481,0.37198,0.61423,0.73593,0.49446,0.05041,-0.016992,0.78885,0.74769,-0.51882,-0.48742,0.91069,0.15287,0.23848,0.46346,0.44564,0.92747,-0.96127,-0.83558,0.75564
0.41712,0.37578,0.61411,0.75776,0.49457,0.05041,-0.016992,0.78885,0.75316,-0.51247,-0.49218,0.91711,0.17043,0.24423,0.464,0.48124,0.91967,-0.95501,-0.83194,0.78123
0.43182,0.37359,0.60721,0.77219,0.49457,0.05041,-0.016992,0.78885,0.76117,-0.50713,-0.498,0.92496,0.18759,0.24358,0.45696,0.50596,0.90832,-0.94575,-0.8348,0.81117
0.44477,0.35918,0.58742,0.77617,0.52534,0.05041,-0.016992,0.76705,0.76904,-0.50687,-0.50207,0.93059,0.20423,0.23104,0.43783,0.51917,0.89552,-0.93427,-0.84353,0.84332
0.45411,0.3245,0.5456,0.76835,0.54654,0.05041,-0.016992,0.72026,0.77363,-0.51578,-0.50344,0.931,0.22088,0.19848,0.39849,0.52084,0.88235,-0.92441,-0.85765,0.87607
0.46127,0.26353,0.47601,0.75091,0.54654,0.05041,-0.032277,0.68259,0.77253,-0.53541,-0.50394,0.92604,0.23566,0.13876,0.33335,0.51254,0.86813,-0.92114,-0.87756,0.90575
0.46841,0.17681,0.38177,0.73048,0.54654,0.05041,-0.069754,0.67583,0.76461,-0.56312,-0.50627,0.9173,0.2456,0.051014,0.24583,0.49713,0.85172,-0.9283,-0.90423,0.92764
0.47658,0.077515,0.28182,0.71518,0.54654,0.05041,-0.18533,0.66925,0.75069,-0.5917,-0.51227,0.90682,0.24886,-0.052381,0.15553,0.48194,0.83255,-0.94617,-0.93716,0.93971
0.4878,-0.010813,0.20275,0.70877,0.54654,0.05041,-0.27075,0.65038,0.7325,-0.6145,-0.52359,0.89524,0.24732,-0.14709,0.087525,0.47214,0.81078,-0.97067,-0.97317,0.94524
0.50253,-0.071528,0.15365,0.70558,0.5706,0.05041,-0.29978,0.63675,0.71184,-0.62888,-0.54061,0.88242,0.24333,-0.21482,0.047221,0.46783,0.78766,-0.99636,-1.0098,0.95035
0.52079,-0.11482,0.11109,0.69802,0.63476,0.05041,-0.32237,0.664,0.69072,-0.63631,-0.56162,0.86853,0.23849,-0.26786,0.0061167,0.4634,0.76568,-1.018,-1.0467,0.95961
0.54332,-0.16342,0.046121,0.68477,0.68424,0.036039,-0.35171,0.66694,0.67155,-0.6394,-0.58178,0.85583,0.23847,-0.33316,-0.06788,0.45503,0.7479,-1.0335,-1.0846,0.97217
0.56953,-0.2267,-0.051353,0.66908,0.68294,-0.056472,-0.4,0.63394,0.65612,-0.64126,-0.59571,0.84656,0.24923,-0.42481,-0.19142,0.44204,0.73673,-1.0421,-1.124,0.98434
0.59668,-0.29528,-0.16565,0.65455,0.68294,-0.26979,-0.47765,0.58526,0.64355,-0.64235,-0.5988,0.84094,0.27232,-0.53048,-0.35825,0.42408,0.73277,-1.045,-1.1621,0.99405
0.62182,-0.35046,-0.25955,0.63951,0.68294,-0.54371,-0.57168,0.54408,0.6306,-0.64676,-0.59518,0.83703,0.30453,-0.62159,-0.53545,0.40026,0.735,-1.0447,-1.1941,1.0021
0.64366,-0.37932,-0.29832,0.62062,0.68294,-0.68456,-0.66153,0.53941,0.61679,-0.65596,-0.59029,0.83266,0.34078,-0.67412,-0.67062,0.36909,0.74084,-1.0447,-1.2149,1.0103
0.66333,-0.38504,-0.28355,0.59977,0.67833,-0.68676,-0.73262,0.55984,0.60679,-0.66992,-0.5902,0.82569,0.37822,-0.69336,-0.73112,0.33626,0.7475,-1.0508,-1.2194,1.0184
0.68278,-0.3787,-0.24524,0.58323,0.67653,-0.66568,-0.7787,0.5715,0.60655,-0.68714,-0.59902,0.8162,0.41522,-0.70026,-0.74208,0.31184,0.75362,-1.0665,-1.206,1.023
0.70217,-0.36652,-0.20765,0.57523,0.6756,-0.65242,-0.75292,0.58711,0.61899,-0.70537,-0.61796,0.80575,0.44913,-0.70373,-0.73985,0.30137,0.75856,-1.0898,-1.1755,1.0189
0.71879,-0.3521,-0.17997,0.57507,0.66292,-0.64075,-0.73662,0.60089,0.63977,-0.72221,-0.64358,0.79754,0.47612,-0.70221,-0.73801,0.30378,0.76212,-1.1122,-1.1323,1.0036
0.7289,-0.3379,-0.16522,0.57846,0.63141,-0.64075,-0.74081,0.60722,0.6618,-0.73573,-0.66703,0.79438,0.49301,-0.69254,-0.74139,0.31255,0.76314,-1.1233,-1.0833,0.97901
0.73123,-0.32495,-0.16246,0.58102,0.59401,-0.64075,-0.74754,0.62364,0.68071,-0.74556,-0.67976,0.79671,0.50135,-0.67463,-0.75309,0.32262,0.75982,-1.1201,-1.0364,0.95186
0.72838,-0.31528,-0.16902,0.581,0.60218,-0.63916,-0.74943,0.63465,0.69532,-0.75298,-0.67867,0.80309,0.50486,-0.65339,-0.77238,0.33054,0.75146,-1.1094,-0.99747,0.92864
0.72369,-0.31187,-0.18158,0.57703,0.61434,-0.6333,-0.74943,0.63493,0.70601,-0.75949,-0.6683,0.81114,0.50763,-0.637,-0.79523,0.33381,0.73984,-1.1006,-0.96972,0.91117
0.7191,-0.31583,-0.19549,0.56908,0.61941,-0.6333,-0.74943,0.63493,0.71333,-0.76512,-0.65626,0.81842,0.51184,-0.62653,-0.80994,0.3287,0.72816,-1.0991,-0.95294,0.89609
0.71299,-0.32623,-0.20387,0.55756,0.61029,-0.6333,-0.74943,0.62537,0.71748,-0.76828,-0.64804,0.82257,0.51546,-0.61981,-0.7931,0.31367,0.71826,-1.1047,-0.94426,0.87997
0.70253,-0.33922,-0.20184,0.54183,0.58993,-0.64563,-0.74323,0.60435,0.71835,-0.76755,-0.64556,0.82063,0.5148,-0.61393,-0.7369,0.2886,0.70822,-1.1133,-0.94055,0.86379
0.68589,-0.3528,-0.18939,0.52518,0.5328,-0.70701,-0.73174,0.58994,0.71683,-0.7628,-0.64823,0.81196,0.50673,-0.61104,-0.65527,0.25702,0.69249,-1.1229,-0.93962,0.8504
0.66457,-0.36866,-0.17437,0.51247,0.42277,-0.75795,-0.71502,0.55775,0.71409,-0.75575,-0.65375,0.79888,0.49123,-0.61791,-0.57533,0.22591,0.66636,-1.1338,-0.93982,0.83914
0.64231,-0.38884,-0.16726,0.50984,0.29693,-0.77743,-0.7238,0.50088,0.71102,-0.74751,-0.65745,0.78635,0.47173,-0.63748,-0.5161,0.20149,0.63017,-1.1457,-0.9405,0.82531
0.62321,-0.41351,-0.17568,0.51852,0.19894,-0.79405,-0.75751,0.43708,0.70735,-0.73867,-0.65457,0.77844,0.453,-0.6641,-0.48185,0.18857,0.59065,-1.1564,-0.94173,0.80532
0.60735,-0.43869,-0.20109,0.53324,0.1237,-0.79557,-0.77108,0.40485,0.7004,-0.73087,-0.64388,0.77631,0.43463,-0.68489,-0.46708,0.18597,0.55912,-1.1604,-0.94522,0.78144
0.59098,-0.45726,-0.23845,0.54716,0.099992,-0.75239,-0.75447,0.40445,0.68696,-0.72607,-0.62716,0.77683,0.41031,-0.6902,-0.46185,0.18998,0.54528,-1.1569,-0.95184,0.76236
0.57071,-0.46377,-0.27727,0.55812,0.11163,-0.67266,-0.75238,0.40559,0.6659,-0.72612,-0.60793,0.77642,0.37468,-0.68156,-0.45686,0.19885,0.55092,-1.1493,-0.96169,0.75726
0.54778,-0.45578,-0.30638,0.56676,0.13597,-0.61153,-0.6861,0.44567,0.6417,-0.73154,-0.59055,0.77264,0.32862,-0.66551,-0.44734,0.20986,0.57047,-1.1434,-0.9748,0.76777
0.52917,-0.43648,-0.32003,0.57415,0.20875,-0.61945,-0.62237,0.46883,0.62354,-0.74064,-0.57932,0.76513,0.28324,-0.64809,-0.4331,0.22137,0.59685,-1.1419,-0.99047,0.78728
0.52289,-0.41129,-0.31759,0.58034,0.27105,-0.63401,-0.59962,0.4583,0.62013,-0.75006,-0.57512,0.75588,0.25251,-0.62859,-0.41492,0.23305,0.62522,-1.1411,-1.0073,0.80738
0.53088,-0.38264,-0.29789,0.58501,0.30488,-0.61957,-0.59962,0.43459,0.6337,-0.7577,-0.57828,0.74697,0.24396,-0.60555,-0.38887,0.24596,0.653,-1.1365,-1.0225,0.82401
0.54731,-0.33887,-0.24948,0.59069,0.31978,-0.58832,-0.59794,0.43216,0.65939,-0.76004,-0.58164,0.74027,0.25171,-0.56547,-0.34427,0.26364,0.67979,-1.1216,-1.0277,0.83761
0.56401,-0.25765,-0.1537,0.6036,0.33159,-0.49579,-0.58709,0.4326,0.69024,-0.75474,-0.57695,0.73709,0.26366,-0.47951,-0.25766,0.29374,0.70556,-1.0929,-1.0117,0.85022
0.57764,-0.14048,-0.022086,0.6275,0.32343,-0.38993,-0.51647,0.44137,0.72004,-0.74188,-0.55824,0.73955,0.27278,-0.34789,-0.13253,0.33923,0.73039,-1.0519,-0.97039,0.86214
0.58839,-0.016274,0.11155,0.6592,0.30042,-0.30921,-0.42044,0.45354,0.74548,-0.72511,-0.52665,0.74958,0.27527,-0.2048,0.0013402,0.39524,0.75297,-1.0058,-0.91079,0.87167
0.59742,0.086941,0.21842,0.68833,0.2856,-0.28937,-0.34001,0.47758,0.76431,-0.70964,-0.4891,0.76635,0.26942,-0.085386,0.11222,0.44903,0.77239,-0.96328,-0.84463,0.87753
0.60334,0.15978,0.29248,0.70752,0.28209,-0.28937,-0.28941,0.49266,0.77645,-0.69754,-0.45172,0.78773,0.25399,-0.002331,0.19128,0.49238,0.78818,-0.9299,-0.78089,0.88094
0.60335,0.20786,0.34433,0.71815,0.29205,-0.27656,-0.27979,0.49316,0.78333,-0.68878,-0.41899,0.81262,0.22546,0.048191,0.24813,0.52735,0.80172,-0.90677,-0.72413,0.88533
0.59484,0.24268,0.39021,0.72734,0.29894,-0.22474,-0.22552,0.49316,0.78758,-0.6803,-0.39325,0.84032,0.18183,0.078122,0.29857,0.56027,0.81473,-0.89213,-0.67619,0.89301
0.57841,0.27299,0.43929,0.74219,0.30791,-0.14546,-0.17156,0.48984,0.79202,-0.66986,-0.37512,0.86824,0.12691,0.099819,0.35171,0.59516,0.82741,-0.88366,-0.63703,0.90387
0.55736,0.29903,0.48746,0.76194,0.31235,-0.089737,-0.13926,0.49074,0.79761,-0.65731,-0.36466,0.89266,0.071756,0.11823,0.40316,0.62802,0.83848,-0.87886,-0.60506,0.9144
0.53587,0.31661,0.52595,0.7802,0.31764,-0.071661,-0.13349,0.51171,0.80312,-0.64312,-0.36075,0.91072,0.031938,0.13191,0.44369,0.65215,0.84688,-0.87622,-0.57821,0.92006
0.5167,0.32342,0.54997,0.79133,0.31764,-0.071661,-0.12678,0.53046,0.80632,-0.62892,-0.36037,0.92271,0.01435,0.13804,0.46816,0.66396,0.85277,-0.87479,-0.55425,0.91854
0.49969,0.32187,0.56183,0.79415,0.31764,-0.071661,-0.1264,0.54577,0.80488,-0.61694,-0.35988,0.93148,0.010107,0.13776,0.47898,0.66526,0.85729,-0.87446,-0.53194,0.91101
0.48199,0.31643,0.56623,0.79009,0.32665,-0.071661,-0.1264,0.53218,0.79695,-0.60822,-0.35604,0.94037,0.0035029,0.13395,0.48141,0.65925,0.86089,-0.87466,-0.51035,0.90192
0.46098,0.31029,0.56659,0.78158,0.31865,-0.071661,-0.1264,0.50546,0.78138,-0.60252,-0.34626,0.95139,-0.013863,0.12898,0.47958,0.64976,0.86291,-0.87275,-0.48847,0.89601
0.43535,0.30155,0.562,0.76914,0.31803,-0.071661,-0.1264,0.48687,0.75776,-0.60141,-0.33296,0.96415,-0.044901,0.1207,0.47364,0.63814,0.86215,-0.86858,-0.46728,0.8946
0.40795,0.28342,0.54697,0.75023,0.31803,-0.071661,-0.1264,0.47039,0.72681,-0.60668,-0.31981,0.97625,-0.082357,0.10119,0.45801,0.62113,0.85914,-0.86587,-0.44985,0.89513
0.38212,0.24868,0.51558,0.72158,0.29575,-0.071661,-0.1264,0.45114,0.6933,-0.61989,-0.31131,0.98454,-0.11336,0.060285,0.42586,0.59441,0.85589,-0.87006,-0.43858,0.89412
0.35944,0.19514,0.46564,0.68266,0.26025,-0.071661,-0.1264,0.43863,0.66491,-0.64059,-0.31006,0.98645,-0.12516,-0.0095418,0.37329,0.55467,0.85545,-0.88369,-0.43353,0.88938
0.33894,0.12989,0.40377,0.63948,0.22882,-0.093736,-0.1264,0.4147,0.64912,-0.66448,-0.31535,0.9815,-0.11125,-0.10619,0.30546,0.50543,0.85874,-0.90236,-0.43238,0.88155
0.31934,0.066008,0.34184,0.60084,0.22882,-0.14415,-0.12848,0.38736,0.64785,-0.68642,-0.32366,0.97206,-0.082767,-0.21614,0.23403,0.4532,0.86389,-0.91782,-0.43304,0.87212
0.30211,0.011408,0.28543,0.56902,0.22736,-0.19841,-0.15341,0.35825,0.65687,-0.70081,-0.32966,0.96105,-0.051621,-0.3205,0.16576,0.39958,0.8667,-0.92473,-0.43473,0.8619
0.29241,-0.03858,0.22525,0.53767,0.21981,-0.22802,-0.19144,0.34197,0.66958,-0.70603,-0.3296,0.95125,-0.025576,-0.41081,0.091676,0.33736,0.86406,-0.9241,-0.43704,0.85141
0.2928,-0.093361,0.14406,0.49578,0.22598,-0.24535,-0.24685,0.32911,0.68159,-0.70294,-0.32331,0.94501,-0.007719,-0.49842,-0.0089975,0.25424,0.85591,-0.92079,-0.43973,0.84104
0.30192,-0.15094,0.033634,0.44066,0.22598,-0.26935,-0.2889,0.31045,0.69178,-0.69455,-0.3136,0.94353,0.0052693,-0.59159,-0.1516,0.14518,0.84506,-0.91823,-0.44289,0.83278
0.31615,-0.19623,-0.095017,0.38118,0.21343,-0.30915,-0.35986,0.30885,0.70095,-0.685,-0.30363,0.94613,0.016308,-0.67579,-0.33282,0.021081,0.83413,-0.91713,-0.44681,0.82887
0.33365,-0.21562,-0.20881,0.33334,0.21067,-0.38602,-0.41064,0.29484,0.70875,-0.67681,-0.29492,0.9503,0.030259,-0.71965,-0.51332,-0.08923,0.8244,-0.91754,-0.45182,0.83027
0.35304,-0.21184,-0.27889,0.30718,0.26023,-0.46905,-0.45093,0.26015,0.71384,-0.66965,-0.28692,0.95319,0.050061,-0.71671,-0.63475,-0.15772,0.81527,-0.92019,-0.45626,0.83618
0.37228,-0.19786,-0.30684,0.30163,0.30275,-0.54153,-0.4683,0.21981,0.71571,-0.66334,-0.27937,0.95279,0.073123,-0.68957,-0.67833,-0.17736,0.80601,-0.92701,-0.45721,0.84508
0.3863,-0.18333,-0.31502,0.3092,0.36223,-0.59444,-0.46197,0.28129,0.71559,-0.65835,-0.27335,0.94812,0.091012,-0.65931,-0.68472,-0.1695,0.79607,-0.93994,-0.4531,0.8562
0.39265,-0.17204,-0.31648,0.32338,0.36728,-0.60879,-0.45494,0.32339,0.71679,-0.65531,-0.2705,0.9393,0.1007,-0.63423,-0.68253,-0.1547,0.78477,-0.95909,-0.44494,0.86968
0.39072,-0.16896,-0.31446,0.34024,0.3663,-0.59168,-0.45494,0.3305,0.72262,-0.65471,-0.27197,0.92816,0.10224,-0.62393,-0.6771,-0.14183,0.77143,-0.98162,-0.43478,0.88497
0.38476,-0.1783,-0.30818,0.3563,0.37554,-0.55217,-0.45494,0.3305,0.73439,-0.65515,-0.2769,0.91773,0.099746,-0.63144,-0.66576,-0.13279,0.75503,-1.0025,-0.42549,0.89968
0.38146,-0.20261,-0.29598,0.36731,0.38536,-0.51056,-0.4726,0.3305,0.75033,-0.6546,-0.28322,0.91196,0.10219,-0.65688,-0.64643,-0.12582,0.73476,-1.017,-0.41953,0.91187
0.38744,-0.23902,-0.27817,0.37139,0.3964,-0.47514,-0.49777,0.34285,0.76696,-0.65174,-0.28945,0.91276,0.11531,-0.69212,-0.62017,-0.12339,0.71089,-1.0233,-0.41861,0.91998
0.40568,-0.27987,-0.25765,0.36873,0.43068,-0.47333,-0.50605,0.39931,0.78042,-0.64711,-0.29673,0.9175,0.14141,-0.72587,-0.59206,-0.12236,0.68575,-1.0229,-0.42295,0.92359
0.43285,-0.31605,-0.23683,0.35993,0.46996,-0.47333,-0.50605,0.4502,0.78775,-0.64261,-0.30764,0.92001,0.17423,-0.74777,-0.56844,-0.12305,0.66403,-1.018,-0.43158,0.92332
0.4622,-0.34312,-0.21724,0.34772,0.47555,-0.48536,-0.513,0.50051,0.78705,-0.64036,-0.32341,0.91421,0.20509,-0.75849,-0.55504,-0.12282,0.64977,-1.0094,-0.44213,0.91913
0.48901,-0.36185,-0.19926,0.33535,0.47555,-0.52379,-0.53131,0.54379,0.77849,-0.64125,-0.34197,0.8968,0.22842,-0.7618,-0.5531,-0.12086,0.64327,-0.99743,-0.45149,0.9107
0.51114,-0.37389,-0.18335,0.3259,0.47555,-0.57966,-0.52724,0.55961,0.76488,-0.6451,-0.35903,0.86951,0.24143,-0.76132,-0.55984,-0.12126,0.64012,-0.98355,-0.45639,0.89818
0.52747,-0.37853,-0.17045,0.32101,0.47555,-0.58619,-0.54262,0.55961,0.75078,-0.65094,-0.37122,0.83802,0.24353,-0.76149,-0.56899,-0.13,0.63436,-0.97076,-0.45536,0.88351
0.53612,-0.37401,-0.16161,0.3202,0.47555,-0.58619,-0.55118,0.55961,0.74112,-0.65804,-0.37914,0.81015,0.23402,-0.76721,-0.57622,-0.14986,0.62177,-0.96183,-0.44948,0.86999
0.53595,-0.36347,-0.1552,0.32126,0.47555,-0.58619,-0.49823,0.55961,0.73934,-0.66734,-0.38673,0.79157,0.21387,-0.78349,-0.57991,-0.17841,0.602,-0.95739,-0.44393,0.85981
0.52886,-0.3527,-0.14872,0.32341,0.47555,-0.58619,-0.45023,0.55961,0.74566,-0.68014,-0.39848,0.78414,0.18806,-0.81219,-0.57844,-0.20523,0.57872,-0.95597,-0.44487,0.85137
0.51981,-0.33295,-0.12673,0.3285,0.47555,-0.58619,-0.43221,0.56456,0.75719,-0.6964,-0.41605,0.78601,0.16295,-0.81094,-0.54334,-0.21544,0.55817,-0.95558,-0.45727,0.84125
0.5154,-0.27417,-0.06198,0.34304,0.46656,-0.59484,-0.38667,0.5719,0.7697,-0.71313,-0.43755,0.79411,0.14339,-0.71219,-0.43249,-0.18439,0.54579,-0.95282,-0.48189,0.82658
0.52138,-0.12873,0.090295,0.3935,0.4263,-0.62152,-0.28999,0.57868,0.78022,-0.72511,-0.45883,0.80458,0.13188,-0.46401,-0.20852,-0.083127,0.54162,-0.94529,-0.51644,0.8078
0.53785,0.079039,0.30216,0.49566,0.39739,-0.64523,-0.18626,0.57868,0.78707,-0.73003,-0.47618,0.81453,0.12958,-0.16821,0.059569,0.077281,0.54287,-0.93227,-0.55547,0.78942
0.56105,0.28084,0.50454,0.62709,0.42087,-0.59515,-0.061428,0.57868,0.79136,-0.72941,-0.48836,0.82132,0.13448,0.084436,0.29282,0.24352,0.54723,-0.91691,-0.59254,0.7765
0.58389,0.43851,0.66069,0.75293,0.5084,-0.54423,0.015575,0.59425,0.79812,-0.72906,-0.49622,0.82476,0.13054,0.27038,0.46603,0.38163,0.55608,-0.90555,-0.62035,0.77294
0.58366,0.5458,0.7681,0.77566,0.49715,-0.5607,0.031357,0.59425,0.78911,-0.72759,-0.48718,0.82063,0.094397,0.39504,0.58676,0.40559,0.56335,-0.89399,-0.61887,0.77286
0.57819,0.61321,0.83875,0.79967,0.47041,-0.56591,0.059567,0.58703,0.78212,-0.70271,-0.4275,0.81598,0.043891,0.47399,0.66845,0.42907,0.57147,-0.84187,-0.54543,0.78
0.56844,0.65635,0.89522,0.82471,0.42395,-0.42376,0.1662,0.55847,0.78174,-0.59271,-0.26477,0.81406,-0.013662,0.52655,0.7367,0.45245,0.57847,-0.65347,-0.35741,0.79096
0.55502,0.69477,0.96031,0.85152,0.37089,-0.2294,0.36299,0.5071,0.79002,-0.38046,-0.03451,0.81808,-0.068149,0.57305,0.81595,0.47749,0.58264,-0.35356,-0.10639,0.8028
0.53939,0.73999,1.0417,0.88059,0.33484,-0.066111,0.54123,0.46759,0.80541,-0.14131,0.18407,0.82845,-0.10863,0.62574,0.91429,0.50685,0.58355,-0.064327,0.12967,0.81378
0.52492,0.78939,1.1301,0.91226,0.32928,0.019461,0.63856,0.43548,0.82406,0.061883,0.35318,0.84357,-0.12724,0.68126,1.0195,0.54301,0.58243,0.16047,0.31696,0.82347
0,0,0,0,0,0,0,0,0,0,0,0,0,0,0,0,0,0,0,0
0,0,0,0,0,0,0,0,0,0,0,0,0,0,0,0,0,0,0,0
0,0,0,0,0,0,0,0,0,0,0,0,0,0,0,0,0,0,0,0
0,0,0,0,0,0,0,0,0,0,0,0,0,0,0,0,0,0,0,0
0,0,0,0,0,0,0,0,0,0,0,0,0,0,0,0,0,0,0,0
0,0,0,0,0,0,0,0,0,0,0,0,0,0,0,0,0,0,0,0
0,0,0,0,0,0,0,0,0,0,0,0,0,0,0,0,0,0,0,0
0,0,0,0,0,0,0,0,0,0,0,0,0,0,0,0,0,0,0,0
0,0,0,0,0,0,0,0,0,0,0,0,0,0,0,0,0,0,0,0
0,0,0,0,0,0,0,0,0,0,0,0,0,0,0,0,0,0,0,0
0,0,0,0,0,0,0,0,0,0,0,0,0,0,0,0,0,0,0,0
0,0,0,0,0,0,0,0,0,0,0,0,0,0,0,0,0,0,0,0
0,0,0,0,0,0,0,0,0,0,0,0,0,0,0,0,0,0,0,0
0,0,0,0,0,0,0,0,0,0,0,0,0,0,0,0,0,0,0,0
0,0,0,0,0,0,0,0,0,0,0,0,0,0,0,0,0,0,0,0
0,0,0,0,0,0,0,0,0,0,0,0,0,0,0,0,0,0,0,0
0,0,0,0,0,0,0,0,0,0,0,0,0,0,0,0,0,0,0,0
0,0,0,0,0,0,0,0,0,0,0,0,0,0,0,0,0,0,0,0
0,0,0,0,0,0,0,0,0,0,0,0,0,0,0,0,0,0,0,0
0,0,0,0,0,0,0,0,0,0,0,0,0,0,0,0,0,0,0,0
0,0,0,0,0,0,0,0,0,0,0,0,0,0,0,0,0,0,0,0
0,0,0,0,0,0,0,0,0,0,0,0,0,0,0,0,0,0,0,0
0.55179,1.3575,1.4552,0.92717,0.12643,0.46623,0.30397,0.4487,1.1235,0.51791,0.56594,0.89023,0.19654,1.2882,1.4152,0.85331,1.1279,0.40508,0.71203,0.70396
0.56965,1.3118,1.4154,0.89332,0.29129,0.46623,0.31034,0.44939,1.1737,0.51438,0.56494,0.91818,0.20983,1.2472,1.378,0.81564,1.1605,0.40477,0.70895,0.69924
0.59797,1.2206,1.3377,0.85485,0.35962,0.46623,0.31034,0.48113,1.2004,0.50696,0.56225,0.94978,0.24933,1.1604,1.303,0.77096,1.172,0.39888,0.69688,0.70126
0.62835,1.0704,1.2088,0.81462,0.37343,0.45999,0.32258,0.51508,1.2061,0.49328,0.55857,0.9883,0.30327,1.013,1.1755,0.72345,1.1634,0.38946,0.67988,0.71262
0.6533,0.85434,1.0203,0.7766,0.38811,0.44225,0.33335,0.61069,1.1965,0.47407,0.55589,1.0302,0.35558,0.7942,0.98528,0.67839,1.142,0.38206,0.66154,0.73077
0.66768,0.58358,0.77833,0.74436,0.40202,0.4088,0.32139,0.70393,1.1793,0.45306,0.557,1.0679,0.39257,0.50909,0.73284,0.63989,1.1151,0.3827,0.64553,0.74896
0.66866,0.31837,0.52613,0.72044,0.40202,0.35546,0.31936,0.77832,1.1601,0.43437,0.56307,1.0957,0.40673,0.20724,0.45449,0.61032,1.0879,0.39412,0.63543,0.76156
0.65794,0.16454,0.3522,0.70432,0.40202,0.32906,0.32199,0.83351,1.1415,0.42136,0.57236,1.1118,0.40063,0.012943,0.24333,0.58981,1.0615,0.41413,0.63282,0.76799
0.64228,0.13203,0.29217,0.69454,0.40202,0.31683,0.32199,0.8646,1.1243,0.41327,0.58112,1.1181,0.38197,-0.030502,0.15949,0.5766,1.0365,0.43576,0.63605,0.77204
0.62931,0.13515,0.28598,0.69073,0.40202,0.33654,0.32199,0.87324,1.1085,0.40594,0.58609,1.1173,0.35883,-0.024822,0.14206,0.56807,1.0149,0.45249,0.64192,0.778
0.62517,0.14379,0.29689,0.69379,0.40202,0.34522,0.32199,0.87324,1.0943,0.39734,0.58654,1.1114,0.34117,-0.015334,0.14189,0.56189,0.99937,0.45967,0.6458,0.78714
0.62891,0.15584,0.31033,0.67384,0.40202,0.34779,0.32199,0.87324,1.0818,0.38676,0.58292,1.1162,0.33152,-0.0032167,0.13998,0.51785,0.9909,0.45491,0.6444,0.80082
0.64029,0.17103,0.32112,0.6595,0.40202,0.34994,0.32199,0.87324,1.0802,0.37585,0.57784,1.1191,0.33287,0.013448,0.13396,0.4702,0.98692,0.43821,0.63659,0.81252
0.65345,0.18486,0.32358,0.64831,0.40831,0.36312,0.30378,0.87324,1.0758,0.36626,0.57368,1.1211,0.34064,0.030143,0.11882,0.41631,0.97903,0.41224,0.62424,0.81993
0.66358,0.19027,0.31362,0.64393,0.40831,0.33965,0.29052,0.88889,1.0658,0.35788,0.57146,1.1233,0.34895,0.037346,0.089633,0.36502,0.95919,0.3829,0.61138,0.82321
0.66748,0.1851,0.2951,0.65177,0.40831,0.28995,0.29739,0.91096,1.0487,0.35014,0.57181,1.1267,0.35048,0.031683,0.048374,0.3274,0.92534,0.35782,0.60264,0.82416
0.66297,0.17322,0.27777,0.6765,0.43254,0.23965,0.27748,0.91945,1.0256,0.34353,0.57615,1.1298,0.34029,0.016871,0.0063809,0.32095,0.8839,0.34306,0.60175,0.82528
0.65298,0.16012,0.27036,0.71642,0.4162,0.22299,0.24241,0.91955,1.0006,0.33951,0.58692,1.1283,0.31987,-4.9958e-05,-0.021093,0.3496,0.84982,0.33962,0.61188,0.82837
0.64876,0.14671,0.2719,0.76788,0.39089,0.22299,0.20138,0.91955,0.97935,0.33851,0.60628,1.1173,0.29911,-0.017262,-0.028638,0.40888,0.83769,0.34456,0.63579,0.83454
0.68421,0.12909,0.27574,0.83239,0.38816,0.22299,0.21628,0.91955,0.96708,0.34009,0.63535,1.0949,0.2927,-0.039037,-0.024057,0.46663,0.84824,0.35345,0.67475,0.84439
0.67753,0.10238,0.27708,0.85505,0.36365,0.25098,0.27918,0.91905,0.96392,0.34342,0.67527,1.0744,0.25781,-0.072691,-0.015797,0.48938,0.85118,0.3618,0.72539,0.8413
0.67755,0.067999,0.27903,0.87725,0.36365,0.28893,0.3596,0.88953,0.96615,0.35195,0.72598,1.0504,0.22966,-0.11872,-0.0012843,0.50928,0.86039,0.36791,0.78362,0.83895
0.68767,0.034043,0.28564,0.8987,0.36365,0.30276,0.46969,0.82857,0.97189,0.37077,0.7859,1.0275,0.21969,-0.16938,0.021068,0.52481,0.87484,0.37442,0.8448,0.83944
0.70558,0.012183,0.30025,0.91974,0.36365,0.30364,0.52715,0.77482,0.98012,0.40183,0.85014,1.0096,0.22939,-0.20821,0.054719,0.53613,0.89394,0.38793,0.90286,0.84135
0.72537,0.0052303,0.31958,0.93999,0.36365,0.30364,0.54568,0.71893,0.9909,0.44076,0.91183,0.9987,0.25213,-0.2312,0.092101,0.54479,0.91468,0.41306,0.95163,0.84059
0.73983,0.010028,0.33856,0.95781,0.36365,0.29558,0.54568,0.71893,1.0042,0.47862,0.96624,0.99642,0.27261,-0.24381,0.12277,0.55285,0.93166,0.44843,0.9869,0.83368
0.74697,0.025343,0.35583,0.97271,0.36365,0.28094,0.54734,0.71893,1.02,0.50898,1.0113,1.003,0.28414,-0.25295,0.14091,0.56277,0.94079,0.48756,1.0085,0.82168
0.74837,0.054729,0.37564,0.98721,0.36365,0.26233,0.54734,0.71542,1.0363,0.53012,1.0464,1.0164,0.28245,-0.25591,0.14788,0.57812,0.94193,0.52481,1.022,0.81008
0.74991,0.096744,0.40227,1.0059,0.35126,0.24966,0.54734,0.7105,1.0489,0.54477,1.0718,1.0309,0.27112,-0.2432,0.15481,0.6026,0.9404,0.55778,1.0347,0.80661
0.75986,0.14249,0.43442,1.0311,0.33391,0.19906,0.54734,0.69612,1.0515,0.55781,1.0886,1.0396,0.26434,-0.2148,0.17007,0.63754,0.94509,0.58639,1.0522,0.81729
0,0,0,0,0,0,0,0,0,0,0,0,0,0,0,0,0,0,0,0
0,0,0,0,0,0,0,0,0,0,0,0,0,0,0,0,0,0,0,0
0,0,0,0,0,0,0,0,0,0,0,0,0,0,0,0,0,0,0,0
0,0,0,0,0,0,0,0,0,0,0,0,0,0,0,0,0,0,0,0
0,0,0,0,0,0,0,0,0,0,0,0,0,0,0,0,0,0,0,0
0,0,0,0,0,0,0,0,0,0,0,0,0,0,0,0,0,0,0,0
0,0,0,0,0,0,0,0,0,0,0,0,0,0,0,0,0,0,0,0
0,0,0,0,0,0,0,0,0,0,0,0,0,0,0,0,0,0,0,0
0,0,0,0,0,0,0,0,0,0,0,0,0,0,0,0,0,0,0,0
0,0,0,0,0,0,0,0,0,0,0,0,0,0,0,0,0,0,0,0
0,0,0,0,0,0,0,0,0,0,0,0,0,0,0,0,0,0,0,0
0,0,0,0,0,0,0,0,0,0,0,0,0,0,0,0,0,0,0,0
0,0,0,0,0,0,0,0,0,0,0,0,0,0,0,0,0,0,0,0
0,0,0,0,0,0,0,0,0,0,0,0,0,0,0,0,0,0,0,0
0,0,0,0,0,0,0,0,0,0,0,0,0,0,0,0,0,0,0,0
0,0,0,0,0,0,0,0,0,0,0,0,0,0,0,0,0,0,0,0
0,0,0,0,0,0,0,0,0,0,0,0,0,0,0,0,0,0,0,0
0,0,0,0,0,0,0,0,0,0,0,0,0,0,0,0,0,0,0,0
0,0,0,0,0,0,0,0,0,0,0,0,0,0,0,0,0,0,0,0
0,0,0,0,0,0,0,0,0,0,0,0,0,0,0,0,0,0,0,0
0,0,0,0,0,0,0,0,0,0,0,0,0,0,0,0,0,0,0,0
0,0,0,0,0,0,0,0,0,0,0,0,0,0,0,0,0,0,0,0
0,0,0,0,0,0,0,0,0,0,0,0,0,0,0,0,0,0,0,0
0,0,0,0,0,0,0,0,0,0,0,0,0,0,0,0,0,0,0,0
0,0,0,0,0,0,0,0,0,0,0,0,0,0,0,0,0,0,0,0
0,0,0,0,0,0,0,0,0,0,0,0,0,0,0,0,0,0,0,0
0,0,0,0,0,0,0,0,0,0,0,0,0,0,0,0,0,0,0,0
0,0,0,0,0,0,0,0,0,0,0,0,0,0,0,0,0,0,0,0
0,0,0,0,0,0,0,0,0,0,0,0,0,0,0,0,0,0,0,0
0,0,0,0,0,0,0,0,0,0,0,0,0,0,0,0,0,0,0,0
0,0,0,0,0,0,0,0,0,0,0,0,0,0,0,0,0,0,0,0
0,0,0,0,0,0,0,0,0,0,0,0,0,0,0,0,0,0,0,0
0,0,0,0,0,0,0,0,0,0,0,0,0,0,0,0,0,0,0,0
0.78567,0.49483,0.19115,0.70881,0.27964,0.06735,0.3521,0.35153,0.86683,0.57104,0.81848,0.87304,0.5788,0.43608,-0.021404,0.5454,0.61845,0.80657,0.91467,0.67754
0.76836,0.47997,0.061026,0.69516,0.36309,-0.0097323,0.3521,0.41714,0.85674,0.55653,0.83314,0.91096,0.57091,0.42639,-0.18948,0.53623,0.63856,0.78675,0.921,0.67182
0.74329,0.48501,-0.02188,0.68057,0.41959,-0.11296,0.3521,0.4751,0.85684,0.5498,0.84827,0.9363,0.55035,0.43475,-0.29921,0.51594,0.66201,0.76756,0.92949,0.67595
0.71294,0.50359,-0.076609,0.66641,0.44338,-0.16072,0.3521,0.52053,0.86888,0.54343,0.86033,0.95098,0.51879,0.45575,-0.35939,0.48578,0.68355,0.74624,0.9437,0.68364
0.68466,0.52838,-0.12595,0.65471,0.45923,-0.20499,0.3664,0.54085,0.88745,0.53301,0.8663,0.9595,0.4824,0.48169,-0.40679,0.45023,0.69673,0.72195,0.96314,0.68575
0.66507,0.55554,-0.16252,0.647,0.47158,-0.25062,0.39933,0.54085,0.90454,0.52035,0.86575,0.9644,0.44831,0.50845,-0.4404,0.41556,0.69847,0.69481,0.9823,0.67743
0.65635,0.58645,-0.17737,0.64253,0.47507,-0.27379,0.39874,0.54085,0.91457,0.51342,0.86098,0.96567,0.42307,0.5377,-0.46057,0.38659,0.69142,0.66428,0.99529,0.65958
0.65582,0.62335,-0.17092,0.63891,0.47507,-0.28598,0.35414,0.54085,0.91695,0.52004,0.85565,0.96255,0.41144,0.57209,-0.46346,0.36501,0.68146,0.63008,1.0002,0.63707
0.65823,0.66409,-0.15406,0.63324,0.48589,-0.27279,0.29557,0.55239,0.91508,0.54146,0.85241,0.95533,0.41227,0.61096,-0.45564,0.34894,0.67372,0.59408,1,0.61506
0.65876,0.70131,-0.13416,0.62448,0.49587,-0.26602,0.22898,0.58849,0.9135,0.57155,0.85222,0.9451,0.41843,0.64595,-0.44173,0.33477,0.66929,0.56189,1.0001,0.59642
0.65513,0.7266,-0.1124,0.61336,0.50604,-0.2506,0.21779,0.64566,0.9149,0.60161,0.85449,0.93312,0.42302,0.66814,-0.42194,0.32164,0.66547,0.54009,1.0033,0.58136
0.6476,0.73709,-0.089997,0.60101,0.50604,-0.2376,0.21779,0.67802,0.91837,0.62634,0.85829,0.92051,0.42096,0.67422,-0.39741,0.30923,0.65931,0.53149,1.0091,0.56831
0.62668,0.73582,-0.072073,0.57941,0.50604,-0.20078,0.21779,0.67878,0.92408,0.64419,0.86328,0.91693,0.39982,0.66717,-0.37454,0.27707,0.65334,0.53151,1.0142,0.54135
0.61899,0.72903,-0.062133,0.56345,0.50604,-0.17371,0.21779,0.67977,0.92379,0.65616,0.86864,0.91195,0.38621,0.65418,-0.35499,0.25681,0.64187,0.53165,1.0154,0.51298
0.63519,0.72104,-0.05465,0.55941,0.50604,-0.15981,0.21588,0.69093,0.91878,0.66356,0.87295,0.90243,0.39399,0.63962,-0.33029,0.25497,0.62488,0.52605,1.0119,0.48428
0.67122,0.71505,-0.035569,0.5683,0.49377,-0.14893,0.206,0.70836,0.91127,0.66697,0.87547,0.88628,0.42627,0.62705,-0.28357,0.27379,0.60437,0.51432,1.004,0.45564
0.71307,0.70996,0.0033916,0.58228,0.47923,-0.13328,0.20437,0.73686,0.90287,0.66607,0.87566,0.8634,0.47135,0.61578,-0.21172,0.30256,0.58105,0.49815,0.98902,0.42533
0.74877,0.70434,0.051544,0.59188,0.45916,-0.13155,0.20437,0.77372,0.8932,0.66073,0.87371,0.8352,0.51535,0.60553,-0.13883,0.32771,0.5552,0.48031,0.96155,0.39082
0.77782,0.69975,0.091645,0.59171,0.42754,-0.15276,0.20437,0.78064,0.88112,0.65255,0.86995,0.80373,0.55461,0.59993,-0.084267,0.3424,0.53002,0.46276,0.91614,0.35716
0.81316,0.69768,0.11673,0.58502,0.42754,-0.19396,0.20437,0.76671,0.86639,0.64408,0.86581,0.77042,0.60217,0.60038,-0.050719,0.35165,0.51467,0.44671,0.85196,0.34241
0.87208,0.69695,0.13119,0.58139,0.42754,-0.20496,0.20955,0.74969,0.85136,0.63648,0.86338,0.73705,0.67785,0.60496,-0.027881,0.36739,0.51969,0.43483,0.7759,0.3656
0.95461,0.68935,0.14721,0.58961,0.42647,-0.17089,0.22212,0.7517,0.83959,0.62626,0.86459,0.7074,0.7776,0.60253,-0.00012104,0.39565,0.54696,0.42975,0.70143,0.42601
1.0425,0.66649,0.17287,0.611,0.41847,-0.073009,0.22412,0.75608,0.83239,0.60789,0.86951,0.68595,0.87865,0.5815,0.03892,0.43522,0.58754,0.43126,0.64133,0.50149
1.1165,0.62742,0.22139,0.64439,0.41267,0.024225,0.21959,0.75608,0.82761,0.57819,0.87652,0.67614,0.9605,0.53834,0.096243,0.48223,0.62917,0.43567,0.59896,0.56894
1.1678,0.58606,0.30375,0.68711,0.40238,0.092604,0.27449,0.75608,0.82169,0.53887,0.88239,0.67913,1.0149,0.48561,0.18087,0.53517,0.66457,0.44077,0.56952,0.61759
1.1974,0.57008,0.41103,0.73435,0.41138,0.14664,0.34953,0.75608,0.8129,0.49698,0.88465,0.69266,1.0444,0.45357,0.28634,0.58961,0.69281,0.44839,0.54966,0.64634
1.2125,0.59618,0.51829,0.7803,0.46148,0.21624,0.40778,0.75435,0.80314,0.45989,0.88277,0.71264,1.0579,0.46723,0.39278,0.63979,0.71584,0.46216,0.54136,0.66057
1.2194,0.6504,0.60446,0.81775,0.4918,0.26773,0.42071,0.72298,0.79651,0.43192,0.87811,0.7347,1.0629,0.51946,0.47913,0.6789,0.73614,0.4834,0.55059,0.66765
1.2224,0.70638,0.66039,0.84689,0.52949,0.29574,0.42712,0.66038,0.79728,0.4134,0.87226,0.75507,1.0637,0.58037,0.53603,0.7051,0.75508,0.50871,0.57871,0.67342
1.2377,0.74772,0.68748,0.85768,0.52949,0.30428,0.42976,0.62106,0.79852,0.40176,0.86651,0.7571,1.0825,0.62894,0.56358,0.71508,0.77612,0.53323,0.61972,0.69474
1.2494,0.76973,0.69301,0.86408,0.52692,0.30458,0.42969,0.60927,0.80723,0.39412,0.86229,0.75904,1.0971,0.65821,0.56817,0.71824,0.79937,0.55575,0.66676,0.71825
1.2609,0.77615,0.68717,0.86984,0.52404,0.30458,0.42466,0.60927,0.81971,0.39101,0.86068,0.76402,1.1105,0.66988,0.5601,0.7193,0.82347,0.58095,0.71645,0.74293
1.2773,0.7725,0.67875,0.88118,0.49396,0.30458,0.42371,0.60833,0.83175,0.39562,0.86149,0.77485,1.1269,0.66865,0.54905,0.72639,0.84749,0.61398,0.76744,0.768
1.3,0.76166,0.67304,0.90297,0.46272,0.30458,0.42371,0.57751,0.84062,0.40849,0.86285,0.79212,1.1488,0.65626,0.541,0.74622,0.87059,0.65443,0.8181,0.79163
1.3231,0.74681,0.67164,0.93349,0.43695,0.30458,0.42371,0.52489,0.84584,0.42638,0.86271,0.81409,1.1711,0.63684,0.53766,0.77735,0.89074,0.69556,0.86529,0.80931
1.3331,0.73199,0.67225,0.96555,0.42465,0.30458,0.42371,0.47775,0.84783,0.44323,0.86073,0.83851,1.1799,0.61561,0.53667,0.8111,0.90483,0.72914,0.90619,0.81446
1.3168,0.72463,0.66987,0.99264,0.40684,0.30458,0.42125,0.45694,0.84774,0.45789,0.85775,0.86313,1.1609,0.60335,0.53249,0.84074,0.90965,0.74986,0.94074,0.79981
0,0,0,0,0,0,0,0,0,0,0,0,0,0,0,0,0,0,0,0
0,0,0,0,0,0,0,0,0,0,0,0,0,0,0,0,0,0,0,0
0,0,0,0,0,0,0,0,0,0,0,0,0,0,0,0,0,0,0,0
0,0,0,0,0,0,0,0,0,0,0,0,0,0,0,0,0,0,0,0
0,0,0,0,0,0,0,0,0,0,0,0,0,0,0,0,0,0,0,0
0,0,0,0,0,0,0,0,0,0,0,0,0,0,0,0,0,0,0,0
0,0,0,0,0,0,0,0,0,0,0,0,0,0,0,0,0,0,0,0
0,0,0,0,0,0,0,0,0,0,0,0,0,0,0,0,0,0,0,0
0,0,0,0,0,0,0,0,0,0,0,0,0,0,0,0,0,0,0,0
0,0,0,0,0,0,0,0,0,0,0,0,0,0,0,0,0,0,0,0
0,0,0,0,0,0,0,0,0,0,0,0,0,0,0,0,0,0,0,0
0,0,0,0,0,0,0,0,0,0,0,0,0,0,0,0,0,0,0,0
0,0,0,0,0,0,0,0,0,0,0,0,0,0,0,0,0,0,0,0
0,0,0,0,0,0,0,0,0,0,0,0,0,0,0,0,0,0,0,0
0,0,0,0,0,0,0,0,0,0,0,0,0,0,0,0,0,0,0,0
0,0,0,0,0,0,0,0,0,0,0,0,0,0,0,0,0,0,0,0
0,0,0,0,0,0,0,0,0,0,0,0,0,0,0,0,0,0,0,0
0,0,0,0,0,0,0,0,0,0,0,0,0,0,0,0,0,0,0,0
0,0,0,0,0,0,0,0,0,0,0,0,0,0,0,0,0,0,0,0
0,0,0,0,0,0,0,0,0,0,0,0,0,0,0,0,0,0,0,0
0,0,0,0,0,0,0,0,0,0,0,0,0,0,0,0,0,0,0,0
0,0,0,0,0,0,0,0,0,0,0,0,0,0,0,0,0,0,0,0
0,0,0,0,0,0,0,0,0,0,0,0,0,0,0,0,0,0,0,0
0.42495,0.23626,0.18967,0.59172,0.73523,0.10251,0.18424,0.36304,0.77527,0.39888,0.95939,0.8869,-0.27133,0.032898,-0.17118,0.40959,0.78853,0.52203,1.0476,0.76259
0.47732,0.24915,0.2553,0.64969,0.73523,0.12038,0.25802,0.39552,0.78533,0.39658,0.9359,0.92624,-0.03149,0.05387,-0.077531,0.4452,0.7822,0.51529,1.0376,0.74741
0.55524,0.29538,0.35681,0.72366,0.73523,0.15289,0.32494,0.42542,0.79194,0.39285,0.91016,0.95644,0.1744,0.1213,0.069526,0.48445,0.77962,0.49916,1.023,0.73656
0.63104,0.36648,0.46681,0.79357,0.73523,0.18285,0.37493,0.45408,0.79278,0.38906,0.88713,0.97498,0.32309,0.22033,0.2243,0.52032,0.77612,0.47798,1.001,0.72791
0.6876,0.4401,0.55894,0.84197,0.73523,0.16399,0.40105,0.48553,0.7865,0.3856,0.86992,0.98173,0.41515,0.31784,0.35123,0.54324,0.76816,0.4587,0.97101,0.72123
0.71884,0.49687,0.62125,0.86311,0.73523,0.10046,0.39857,0.51835,0.77512,0.38187,0.85822,0.97891,0.45941,0.38982,0.43776,0.54825,0.75398,0.44691,0.93614,0.71616
0.7284,0.53202,0.65547,0.86046,0.73523,-0.0019331,0.39432,0.54465,0.76221,0.37627,0.84907,0.96942,0.46922,0.43024,0.48693,0.53568,0.73429,0.44357,0.90108,0.71278
0.72512,0.55283,0.67032,0.8427,0.73862,-0.033675,0.39346,0.5511,0.75077,0.36774,0.83895,0.95582,0.46197,0.44679,0.51,0.51287,0.71213,0.44374,0.86874,0.71048
0.71836,0.57064,0.67624,0.81917,0.75409,0.016718,0.39346,0.5511,0.74163,0.35636,0.82523,0.94014,0.45384,0.45439,0.5197,0.48681,0.69032,0.44175,0.83811,0.70827
0.7123,0.59048,0.6796,0.79645,0.7696,0.07027,0.39448,0.58607,0.73413,0.34295,0.80677,0.92416,0.45044,0.46263,0.52457,0.46328,0.6707,0.4343,0.80668,0.70553
0.70532,0.60887,0.68256,0.77817,0.78644,0.10424,0.39594,0.62211,0.72814,0.32793,0.78371,0.91008,0.4493,0.47183,0.52817,0.44594,0.65398,0.42079,0.77356,0.70172
0.69516,0.62129,0.68554,0.78086,0.79627,0.114,0.39594,0.62819,0.72451,0.31112,0.75733,0.90979,0.44489,0.47863,0.53173,0.44913,0.64168,0.40203,0.73986,0.68565
0.69291,0.62686,0.68897,0.78909,0.77497,0.11949,0.39594,0.62819,0.72317,0.29146,0.731,0.90881,0.46008,0.48109,0.53553,0.46145,0.62091,0.37892,0.70572,0.66858
0.68882,0.62756,0.69317,0.79755,0.72661,0.11949,0.39594,0.61905,0.72348,0.26952,0.70819,0.90488,0.47049,0.48006,0.53984,0.4736,0.61253,0.35275,0.67138,0.65458
0.68625,0.62599,0.69739,0.80394,0.65738,0.11949,0.39594,0.59639,0.72294,0.24776,0.69179,0.89593,0.47945,0.4765,0.54373,0.48485,0.61995,0.32575,0.63677,0.64558
0.68583,0.62018,0.69631,0.80585,0.61695,0.11949,0.39594,0.58902,0.71856,0.22857,0.68135,0.87972,0.48674,0.46738,0.54282,0.49513,0.63804,0.30121,0.60298,0.64174
0.68454,0.60214,0.67904,0.79789,0.61695,0.11949,0.39363,0.59071,0.70826,0.2122,0.67444,0.85578,0.4876,0.44307,0.52669,0.50137,0.65854,0.28161,0.57499,0.64351
0.67852,0.56208,0.63345,0.77539,0.61695,0.11949,0.378,0.59686,0.69353,0.19656,0.66788,0.82576,0.47571,0.39095,0.48172,0.49931,0.6753,0.26753,0.56187,0.65159
0.66581,0.49491,0.55191,0.73888,0.61695,0.11574,0.34852,0.61265,0.67795,0.1805,0.65921,0.79234,0.44809,0.30201,0.39825,0.48849,0.68791,0.25728,0.57057,0.66752
0.64695,0.40404,0.43674,0.69534,0.61695,0.080427,0.28124,0.61532,0.6653,0.16478,0.6474,0.75907,0.40809,0.17581,0.27503,0.47112,0.69846,0.24764,0.59821,0.68958
0.62639,0.30604,0.30698,0.6563,0.61695,0.033518,0.18272,0.60122,0.65651,0.15107,0.63217,0.72889,0.3679,0.030189,0.12735,0.45305,0.70846,0.23471,0.63288,0.71362
0.60896,0.22276,0.19695,0.63102,0.61365,0.025969,0.074013,0.59664,0.65064,0.14093,0.61441,0.70534,0.3417,-0.094728,-0.0088354,0.44068,0.71719,0.21569,0.66277,0.73374
0.59642,0.16082,0.13278,0.6206,0.58358,0.011734,0.012336,0.5912,0.64579,0.13548,0.59659,0.69282,0.33208,-0.16652,-0.098965,0.43514,0.72397,0.19239,0.68261,0.74549
0.58762,0.10249,0.10686,0.61943,0.56267,0.0046155,0.038456,0.57681,0.6425,0.13533,0.58176,0.69517,0.33022,-0.20956,-0.14325,0.43447,0.72922,0.16968,0.69401,0.74795
0.58222,0.030496,0.098605,0.6215,0.56267,0.0042022,0.088947,0.56455,0.6431,0.14166,0.57313,0.71133,0.32952,-0.25968,-0.16664,0.43401,0.73366,0.15265,0.7003,0.74355
0.58149,-0.046089,0.10172,0.62257,0.56183,-0.023624,0.13285,0.56047,0.64942,0.15506,0.57255,0.73439,0.3274,-0.31462,-0.17572,0.43021,0.7379,0.14566,0.70268,0.73644
0.58533,-0.085125,0.13119,0.62076,0.5316,-0.083924,0.19105,0.52452,0.6596,0.17362,0.57869,0.75605,0.32708,-0.32567,-0.15186,0.41962,0.74074,0.14977,0.70037,0.73005
0.59353,-0.043858,0.20045,0.61892,0.47656,-0.10153,0.24364,0.47352,0.66843,0.19446,0.58665,0.77216,0.33299,-0.24325,-0.073421,0.40164,0.73976,0.16264,0.69316,0.72558
0.60763,0.057866,0.29705,0.62305,0.45154,-0.095332,0.27665,0.43392,0.67278,0.21441,0.59196,0.78425,0.35052,-0.10472,0.043819,0.37816,0.73146,0.17859,0.68338,0.72239
0.62699,0.16602,0.39108,0.63562,0.43151,-0.079017,0.32293,0.42465,0.67299,0.23164,0.59412,0.79562,0.37957,0.027072,0.16011,0.35185,0.71376,0.19127,0.67474,0.71934
0.64589,0.24747,0.46082,0.6512,0.39936,-0.073589,0.36264,0.42465,0.67156,0.246,0.59679,0.80751,0.41032,0.12113,0.24728,0.32108,0.68861,0.19639,0.66871,0.71647
0.65855,0.29605,0.49903,0.6596,0.37097,-0.066803,0.37433,0.4188,0.67266,0.25803,0.60416,0.81806,0.43317,0.17562,0.29698,0.27994,0.66031,0.19506,0.66214,0.71402
0.66226,0.3184,0.51084,0.65576,0.34406,-0.059757,0.37773,0.40212,0.67887,0.26883,0.61642,0.82508,0.44555,0.19972,0.31362,0.22589,0.63443,0.19083,0.64933,0.71021
0.66094,0.32832,0.50888,0.64187,0.34327,-0.055451,0.37773,0.366,0.69065,0.27942,0.62964,0.82927,0.45374,0.20775,0.3107,0.16554,0.61523,0.18678,0.62546,0.70095
0.66225,0.33893,0.50585,0.62677,0.33475,-0.050871,0.37773,0.31827,0.70675,0.29113,0.63945,0.83259,0.46813,0.21249,0.30273,0.11906,0.6037,0.18231,0.58986,0.68326
0.6705,0.35649,0.50809,0.61933,0.33134,0.0013061,0.37773,0.30236,0.72457,0.30486,0.64488,0.83667,0.49041,0.21976,0.29748,0.10744,0.59869,0.17688,0.54692,0.65703
0.68263,0.37813,0.5143,0.62325,0.33134,0.062475,0.37773,0.35652,0.74002,0.32056,0.64677,0.84007,0.51299,0.22976,0.29598,0.13276,0.59869,0.17229,0.50508,0.62699
0.6924,0.39844,0.52138,0.63689,0.33134,0.10216,0.38071,0.42833,0.75006,0.33715,0.64561,0.83931,0.52621,0.23862,0.29626,0.17893,0.60042,0.17267,0.47132,0.60105
0.69554,0.41447,0.52712,0.65578,0.31961,0.11683,0.38401,0.50044,0.75327,0.35316,0.64105,0.83186,0.52777,0.24548,0.29727,0.22812,0.60044,0.18043,0.44646,0.58496
0.69195,0.42841,0.53218,0.67583,0.29968,0.11683,0.38353,0.54966,0.74952,0.36629,0.63173,0.81817,0.52061,0.25375,0.30209,0.27361,0.59845,0.19231,0.42813,0.57829
0.68511,0.4456,0.54166,0.6959,0.26547,0.11683,0.37339,0.57538,0.73881,0.37391,0.61761,0.80198,0.51194,0.26935,0.3174,0.31784,0.59675,0.1997,0.41627,0.57569
0.68009,0.46693,0.56064,0.71678,0.21654,0.11683,0.37339,0.58955,0.72178,0.37525,0.60067,0.78818,0.50685,0.29341,0.35022,0.36811,0.59972,0.19467,0.414,0.57187
0.67899,0.48536,0.58716,0.73819,0.1885,0.14316,0.35358,0.58955,0.70055,0.37135,0.58465,0.7791,0.50602,0.31752,0.39565,0.42508,0.60992,0.17624,0.42199,0.56509
0.67907,0.49336,0.61267,0.75662,0.18897,0.15026,0.30061,0.58305,0.67799,0.36483,0.57196,0.77253,0.50474,0.33134,0.43868,0.47915,0.62624,0.15132,0.43425,0.55714
0.67428,0.48616,0.62799,0.76762,0.18897,0.13081,0.25548,0.57128,0.65647,0.35854,0.56217,0.76436,0.49569,0.32772,0.46561,0.52067,0.64483,0.13253,0.44209,0.54971
0.66131,0.46708,0.63096,0.77045,0.18897,0.1165,0.19792,0.55153,0.63713,0.35405,0.55138,0.75279,0.4764,0.30925,0.47413,0.54517,0.66182,0.13044,0.44119,0.54152
0.63969,0.44489,0.62614,0.76924,0.18897,0.11615,0.11924,0.53326,0.61926,0.35159,0.53591,0.74001,0.44896,0.28596,0.4706,0.55566,0.67536,0.14577,0.43389,0.52904
0.61217,0.42706,0.62081,0.76939,0.21098,0.12356,0.082505,0.5329,0.60328,0.34996,0.51531,0.73016,0.41852,0.26829,0.46628,0.55786,0.68611,0.17157,0.42547,0.51227
0.58052,0.41281,0.61799,0.77286,0.24167,0.13583,0.08253,0.54256,0.59179,0.34675,0.49238,0.72628,0.38731,0.25678,0.46614,0.55526,0.69575,0.19914,0.41965,0.49611
0.54546,0.39674,0.61585,0.77756,0.25586,0.14022,0.08253,0.55476,0.58891,0.33924,0.47168,0.73032,0.35335,0.24714,0.46848,0.54898,0.70523,0.22282,0.41525,0.48656
0.50962,0.37534,0.61141,0.77955,0.26446,0.14038,0.08253,0.55963,0.59495,0.32611,0.45585,0.74294,0.31732,0.2357,0.47004,0.53711,0.71522,0.2414,0.40947,0.48596
0.48195,0.35105,0.60524,0.77739,0.28077,0.14038,0.081136,0.55963,0.60627,0.30832,0.44607,0.76361,0.28785,0.22234,0.46984,0.51962,0.72563,0.25723,0.40042,0.49005
0.47417,0.32951,0.59927,0.77181,0.28077,0.13897,0.048656,0.55963,0.61764,0.28793,0.44285,0.78792,0.28067,0.21111,0.46901,0.49958,0.73563,0.27212,0.38939,0.49341
0.4919,0.31489,0.59477,0.76569,0.28077,0.12372,0.004001,0.55963,0.62471,0.26566,0.4453,0.80935,0.30302,0.20351,0.46809,0.48343,0.74468,0.28625,0.37952,0.49627
0.53182,0.30407,0.59029,0.76314,0.28077,0.082327,-0.036605,0.55253,0.6271,0.24202,0.45095,0.82229,0.35036,0.19488,0.46509,0.47764,0.75075,0.29778,0.37362,0.50474
0.58304,0.28707,0.57904,0.76627,0.28077,0.016447,-0.080432,0.52295,0.62724,0.21801,0.4566,0.82471,0.40798,0.17482,0.45297,0.48148,0.75202,0.30611,0.37083,0.52444
0.63177,0.25038,0.54796,0.77122,0.27876,-0.028181,-0.11383,0.47112,0.62846,0.19534,0.45998,0.81941,0.46138,0.12715,0.41756,0.48575,0.74716,0.3121,0.36763,0.5553
0.66733,0.18578,0.48318,0.77048,0.24691,-0.028181,-0.13774,0.3678,0.63348,0.17531,0.46099,0.81208,0.50007,0.037469,0.34307,0.47996,0.73515,0.31659,0.36062,0.59165
0.68495,0.091944,0.37546,0.75894,0.2107,-0.055409,-0.20048,0.24619,0.6433,0.15785,0.46105,0.80781,0.51901,-0.10468,0.21731,0.46082,0.71711,0.31925,0.34911,0.62808
0.68617,-0.015395,0.22895,0.73809,0.23032,-0.084324,-0.24522,0.27402,0.65739,0.14228,0.46131,0.80829,0.52032,-0.29399,0.038946,0.4343,0.69521,0.3184,0.3348,0.66184
0.67747,-0.10589,0.073255,0.7143,0.24208,-0.092869,-0.23679,0.3404,0.67439,0.12817,0.46311,0.81133,0.51108,-0.49099,-0.16865,0.4117,0.67208,0.3134,0.31958,0.69234
0.66615,-0.15556,-0.03215,0.69337,0.25099,-0.095244,-0.19164,0.38744,0.69322,0.11587,0.46771,0.81296,0.49889,-0.62961,-0.33437,0.40071,0.64969,0.30567,0.30346,0.71906
0.65662,-0.1665,-0.053829,0.67612,0.26205,-0.093075,-0.11525,0.39203,0.71137,0.10603,0.47627,0.811,0.48836,-0.67963,-0.39177,0.40062,0.62772,0.29723,0.28611,0.74075
0.64932,-0.15338,-0.027244,0.66037,0.28441,-0.096143,0.022504,0.39232,0.72501,0.099826,0.48858,0.80602,0.47965,-0.67881,-0.37431,0.4066,0.60431,0.29017,0.26789,0.75668
0.64445,-0.12526,0.0027211,0.64453,0.28336,-0.11725,0.1309,0.39232,0.72988,0.098447,0.50116,0.8004,0.47219,-0.66884,-0.34718,0.41351,0.57824,0.28602,0.25111,0.76731
0.64302,-0.088037,0.023501,0.63007,0.25767,-0.12129,0.19815,0.38562,0.72503,0.10233,0.50905,0.79549,0.46653,-0.65671,-0.32874,0.41988,0.55077,0.2825,0.23779,0.77455
0.64592,-0.046076,0.035711,0.61781,0.22676,-0.11942,0.23062,0.37134,0.71383,0.10956,0.5095,0.79014,0.4636,-0.63521,-0.31509,0.42483,0.52655,0.27349,0.22813,0.78142
0.65114,-0.0056213,0.042618,0.60602,0.20032,-0.12375,0.2316,0.34404,0.70249,0.11629,0.50399,0.78325,0.46271,-0.60236,-0.30313,0.42594,0.51252,0.25366,0.22109,0.78969
0.6526,0.027341,0.048936,0.59052,0.18779,-0.13177,0.2316,0.3372,0.69654,0.12035,0.49731,0.77436,0.45666,-0.56415,-0.28719,0.41903,0.51236,0.22186,0.21658,0.79867
0.64158,0.051383,0.057584,0.56517,0.24488,-0.13177,0.2316,0.35522,0.69729,0.12099,0.49508,0.76525,0.43481,-0.52442,-0.26684,0.39834,0.52472,0.18415,0.21358,0.80516
0.61286,0.067957,0.070628,0.52471,0.36105,-0.13177,0.2316,0.36086,0.70301,0.11894,0.49973,0.75776,0.38912,-0.48377,-0.24319,0.35966,0.54275,0.15061,0.20993,0.80562
0.5698,0.081168,0.0876,0.46989,0.44771,-0.13905,0.2316,0.37976,0.71193,0.11489,0.50975,0.75112,0.32003,-0.43646,-0.22012,0.30205,0.55841,0.1289,0.20331,0.79762
0.52473,0.093968,0.10599,0.40883,0.48052,-0.16521,0.2316,0.41235,0.72245,0.10975,0.52073,0.74198,0.23957,-0.38295,-0.20143,0.22958,0.56744,0.11984,0.19405,0.78169
0.49374,0.10731,0.11975,0.35501,0.48052,-0.18815,0.2316,0.42952,0.73267,0.10526,0.52814,0.72794,0.17272,-0.32957,-0.19274,0.15373,0.56984,0.11928,0.18579,0.75971
0.48544,0.11943,0.12453,0.31838,0.48052,-0.18685,0.2316,0.4307,0.74104,0.10333,0.52937,0.71067,0.14074,-0.28701,-0.19635,0.087404,0.56862,0.12366,0.18326,0.73456
0.49475,0.12776,0.11606,0.29738,0.48597,-0.18267,0.2316,0.42717,0.74725,0.10699,0.52356,0.69513,0.14349,-0.26197,-0.21516,0.039546,0.56754,0.12972,0.18931,0.70888
0.51247,0.1313,0.092455,0.28523,0.47943,-0.16651,0.2316,0.41088,0.75132,0.11836,0.51096,0.68691,0.16796,-0.25201,-0.25071,0.0098604,0.56866,0.13397,0.20347,0.68458
0.5336,0.13094,0.053886,0.27975,0.47032,-0.14346,0.2316,0.3753,0.75253,0.13681,0.49245,0.68764,0.20354,-0.25062,-0.30421,-0.0021272,0.57353,0.13412,0.22275,0.66186
0.55739,0.12591,0.0054018,0.28552,0.45472,-0.11508,0.2316,0.37326,0.75059,0.15796,0.47078,0.69359,0.24657,-0.25242,-0.36783,0.0086175,0.58297,0.13021,0.24385,0.63989
0.58084,0.11386,-0.044482,0.30727,0.45472,-0.10004,0.22375,0.37326,0.74751,0.17686,0.45219,0.69757,0.29166,-0.25568,-0.428,0.046611,0.59756,0.1245,0.26411,0.61748
0.59891,0.094537,-0.087633,0.34373,0.45472,-0.10521,0.16635,0.40217,0.7473,0.18991,0.44405,0.69416,0.33056,-0.25882,-0.47106,0.10789,0.61422,0.12032,0.28329,0.59468
0.60536,0.074441,-0.11868,0.38907,0.45472,-0.1385,0.079543,0.46797,0.75258,0.19683,0.44842,0.68282,0.35438,-0.25126,-0.49,0.1785,0.62802,0.11915,0.30196,0.57221
0.5971,0.066617,-0.13758,0.43272,0.45462,-0.14612,-0.0092094,0.5175,0.76234,0.20005,0.45871,0.66877,0.35778,-0.21838,-0.48936,0.23986,0.63429,0.11957,0.32019,0.55061
0.57705,0.085077,-0.15066,0.4684,0.45455,-0.16776,-0.022594,0.53817,0.77319,0.2034,0.46539,0.66038,0.34386,-0.15318,-0.48817,0.28305,0.6315,0.11912,0.33609,0.52909
0.55439,0.12763,-0.16372,0.49496,0.45256,-0.17558,-0.018979,0.54409,0.782,0.21059,0.46312,0.66231,0.32368,-0.073095,-0.49966,0.30778,0.62226,0.11608,0.34939,0.50851
0.53888,0.17885,-0.18166,0.51521,0.45868,-0.15477,-0.017276,0.5489,0.78841,0.22545,0.45317,0.67161,0.31073,-0.00069596,-0.52951,0.32133,0.6109,0.11067,0.36331,0.49447
0.53524,0.22206,-0.20787,0.53098,0.46055,-0.13591,-0.0090081,0.5489,0.79335,0.24867,0.44062,0.68105,0.3148,0.0486,-0.57511,0.33238,0.60121,0.10573,0.38238,0.49608
0.5418,0.25193,-0.23954,0.54415,0.43514,-0.11354,-0.0023069,0.5489,0.79763,0.27628,0.4294,0.68546,0.33647,0.076367,-0.62397,0.34687,0.59537,0.10374,0.40827,0.51627
0.55261,0.27334,-0.24967,0.55956,0.35638,-0.094188,-0.0023069,0.5489,0.80142,0.30092,0.42175,0.684,0.36624,0.094423,-0.62334,0.37129,0.593,0.10516,0.43673,0.5476
0.56235,0.29741,-0.19307,0.5861,0.24749,-0.075565,0.009719,0.54446,0.80417,0.31684,0.41892,0.67861,0.39361,0.12079,-0.51636,0.41263,0.59239,0.10778,0.46098,0.57718
0.56714,0.33551,-0.032063,0.63553,0.13858,-0.065236,0.051216,0.53697,0.80419,0.32119,0.42194,0.67181,0.41096,0.16759,-0.28697,0.47924,0.59107,0.10967,0.47591,0.59609
0.56353,0.38866,0.1816,0.70686,0.082063,-0.06306,0.068724,0.52583,0.79954,0.31486,0.43022,0.66464,0.41434,0.23189,-0.023893,0.56571,0.58691,0.10994,0.4798,0.60334
0.54997,0.44653,0.37635,0.78354,0.047433,-0.06306,0.06599,0.52302,0.79018,0.30105,0.43985,0.65731,0.40337,0.29829,0.19838,0.65211,0.57857,0.10896,0.47381,0.60368
0.5257,0.49518,0.52222,0.8466,0.049991,-0.06306,0.082408,0.52302,0.77749,0.28434,0.44492,0.6507,0.37851,0.35159,0.35956,0.71915,0.5654,0.10591,0.46072,0.60289
0.49233,0.52768,0.61698,0.88676,0.05547,-0.06306,0.090142,0.52302,0.76212,0.26829,0.44019,0.64728,0.34157,0.38619,0.46347,0.75948,0.54739,0.098467,0.44326,0.60439
0.4533,0.54638,0.66937,0.90377,0.052866,-0.067399,0.090142,0.53351,0.74329,0.25505,0.42406,0.65043,0.29546,0.40697,0.5213,0.77458,0.5263,0.085432,0.42365,0.60832
0.41349,0.55728,0.69256,0.90493,0.057951,-0.082889,0.0848,0.55071,0.72025,0.24448,0.39963,0.66287,0.24578,0.42181,0.54729,0.77397,0.50463,0.069255,0.40315,0.6123
0.37736,0.56461,0.70004,0.89937,0.070781,-0.11011,0.073039,0.5354,0.6939,0.23524,0.37312,0.68325,0.20069,0.43521,0.55557,0.76817,0.48359,0.054966,0.38272,0.61441
0.34591,0.56674,0.70192,0.89347,0.094785,-0.14219,0.05084,0.5041,0.66669,0.22491,0.35031,0.70594,0.16685,0.44409,0.55717,0.76433,0.46436,0.045875,0.3631,0.61442
0.3155,0.56026,0.70243,0.88857,0.10282,-0.14219,0.023568,0.47521,0.64206,0.21008,0.33183,0.72554,0.1437,0.44449,0.55729,0.76382,0.44683,0.041142,0.34242,0.61244
0.28224,0.54364,0.70254,0.88277,0.080952,-0.14219,0.03807,0.4584,0.62053,0.18594,0.31199,0.73967,0.12562,0.4346,0.55716,0.76368,0.4323,0.035732,0.31511,0.60792
0.2421,0.52108,0.70265,0.87498,0.040302,-0.14219,0.05237,0.42865,0.59944,0.14857,0.28459,0.74916,0.10127,0.41917,0.55759,0.76124,0.42349,0.023618,0.27406,0.59869
0.19157,0.49785,0.70285,0.86481,0.062948,-0.1796,0.055255,0.40425,0.57588,0.099094,0.24942,0.75624,0.058418,0.40251,0.55845,0.75544,0.42218,0.0011231,0.2144,0.58347
0.13157,0.4764,0.70158,0.85145,0.067936,-0.22852,0.055581,0.37557,0.54955,0.045854,0.21142,0.76205,-0.0080128,0.38576,0.55756,0.7449,0.42738,-0.030848,0.13881,0.56303
0.073549,0.45516,0.69473,0.83223,0.054458,-0.22563,0.055581,0.31967,0.52322,0.00088285,0.17676,0.76561,-0.088401,0.36689,0.55068,0.727,0.43532,-0.068414,0.059503,0.54205
0.04014,0.42935,0.67198,0.80009,0.059033,-0.22872,0.055581,0.28458,0.50175,-0.02789,0.14815,0.76586,-0.15739,0.34335,0.52735,0.69498,0.44151,-0.10614,-0.0052585,0.52597
0.048957,0.3941,0.62013,0.74723,0.07303,-0.23081,0.033027,0.34132,0.48861,-0.043894,0.1245,0.76367,-0.18964,0.3129,0.47361,0.64141,0.44311,-0.13865,-0.041208,0.51741
0.088454,0.34932,0.52885,0.67152,0.074196,-0.26839,-0.013238,0.39659,0.48293,-0.055746,0.10479,0.76088,-0.18702,0.27735,0.37807,0.56505,0.43868,-0.16308,-0.049053,0.51557
0.13582,0.30394,0.39568,0.58268,0.074196,-0.32525,-0.0019709,0.44287,0.48096,-0.06994,0.088539,0.75868,-0.16749,0.24405,0.23531,0.47603,0.42819,-0.17854,-0.040423,0.51622
0.17669,0.27086,0.23278,0.50139,0.062339,-0.36256,0.0053969,0.45397,0.48085,-0.085859,0.075123,0.75625,-0.13994,0.22133,0.052079,0.39165,0.41332,-0.18444,-0.026328,0.51592
0.21123,0.25665,0.075662,0.44981,0.052174,-0.34123,0.010797,0.45397,0.48367,-0.10052,0.061529,0.7521,-0.10102,0.21137,-0.14139,0.3288,0.39806,-0.18131,-0.012916,0.51318
0.24838,0.25575,-0.030998,0.42808,0.05159,-0.31589,0.026191,0.4584,0.49137,-0.11226,0.045655,0.74535,-0.043227,0.2083,-0.29403,0.28591,0.38852,-0.17315,-0.00062418,0.51086
0.29356,0.25693,-0.073567,0.42293,0.059267,-0.28023,0.026191,0.46692,0.50417,-0.12227,0.029708,0.73676,0.030814,0.20369,-0.37136,0.25598,0.39042,-0.16581,0.010688,0.51389
0.34527,0.25538,-0.075441,0.42556,0.059267,-0.25961,0.026191,0.45787,0.51995,-0.13159,0.018016,0.72814,0.11199,0.19593,-0.38852,0.23812,0.40256,-0.16466,0.019057,0.52486
0.39609,0.25699,-0.042972,0.44253,0.06951,-0.2493,0.026191,0.45079,0.53467,-0.13857,0.015249,0.72069,0.18782,0.18973,-0.35309,0.24492,0.42073,-0.17084,0.021312,0.54085
0.43662,0.27827,0.039935,0.48614,0.16602,-0.22035,0.061059,0.44895,0.54592,-0.14107,0.022637,0.71504,0.24645,0.2012,-0.23945,0.29408,0.4422,-0.18058,0.016948,0.55538
0.46194,0.32687,0.16714,0.55461,0.26042,-0.14995,0.1157,0.45552,0.55482,-0.13714,0.037002,0.71131,0.28351,0.23869,-0.068494,0.38002,0.46625,-0.18663,0.0082533,0.56361
0.47248,0.39107,0.30443,0.63208,0.31257,-0.076219,0.21641,0.46103,0.56307,-0.12906,0.052139,0.7091,0.30105,0.29204,0.10711,0.47804,0.49211,-0.18375,-0.00050659,0.56444
0.47246,0.45072,0.42114,0.70154,0.32217,-0.055777,0.26848,0.46767,0.57009,-0.12041,0.063346,0.70768,0.30461,0.34356,0.25116,0.56399,0.51705,-0.17326,-0.0072424,0.55999
0.4661,0.49212,0.50397,0.75366,0.32217,-0.055777,0.28298,0.47134,0.57303,-0.11345,0.068664,0.70713,0.29894,0.37951,0.35254,0.62583,0.53721,-0.1603,-0.013711,0.55155
0.45521,0.51137,0.55373,0.78659,0.32217,-0.055777,0.28298,0.47134,0.57011,-0.10425,0.069732,0.70752,0.2872,0.39519,0.41455,0.66179,0.55005,-0.15156,-0.022928,0.53999
0.44036,0.51393,0.57954,0.80452,0.32692,-0.055777,0.28298,0.47134,0.56313,-0.086713,0.070557,0.70883,0.27185,0.39393,0.44784,0.67725,0.55592,-0.15138,-0.033367,0.52614
0.42442,0.50912,0.59288,0.81362,0.36422,-0.055777,0.28298,0.47134,0.55738,-0.059336,0.07587,0.70953,0.25743,0.38357,0.46489,0.6809,0.55753,-0.16101,-0.038896,0.51049
0.41172,0.50532,0.60268,0.81987,0.39641,-0.055777,0.27597,0.45177,0.55693,-0.028051,0.089722,0.70727,0.24864,0.37309,0.47608,0.68206,0.55974,-0.17711,-0.031947,0.49469
0.40537,0.50619,0.61132,0.82538,0.40302,-0.055777,0.24924,0.39169,0.5614,-0.0015788,0.11294,0.69988,0.24617,0.36873,0.48441,0.68579,0.56698,-0.19411,-0.0091599,0.48092
0.40439,0.50878,0.61806,0.83093,0.40633,-0.055777,0.23686,0.34783,0.56836,0.015173,0.14236,0.68556,0.24722,0.36901,0.49064,0.69493,0.57947,-0.20756,0.025733,0.47141
0.40417,0.50794,0.62188,0.83594,0.40858,-0.064388,0.23686,0.32362,0.57558,0.023682,0.17208,0.6638,0.24581,0.36749,0.49429,0.70726,0.59306,-0.21564,0.062888,0.46612
0.40278,0.50113,0.62191,0.83923,0.39687,-0.069107,0.23686,0.30408,0.58224,0.029407,0.19688,0.63493,0.24074,0.35893,0.49511,0.7182,0.60157,-0.21849,0.093718,0.46189
0.39956,0.48924,0.61775,0.84006,0.3947,-0.071731,0.23686,0.29418,0.58853,0.036327,0.2152,0.60054,0.23153,0.34233,0.4926,0.72454,0.60113,-0.21421,0.11422,0.45399
0.40592,0.47385,0.60713,0.8377,0.3947,-0.055923,0.23686,0.2861,0.59406,0.045069,0.22835,0.56265,0.22929,0.32104,0.48459,0.72503,0.59115,-0.2004,0.1269,0.44002
0.45381,0.45159,0.58298,0.83467,0.40222,-0.043876,0.23686,0.28656,0.59718,0.054435,0.23937,0.52399,0.27236,0.2941,0.4632,0.72128,0.57283,-0.17436,0.13777,0.42109
0.5617,0.41666,0.53586,0.83533,0.46083,-0.043876,0.23686,0.29612,0.59525,0.063426,0.25069,0.48774,0.38259,0.25773,0.4178,0.71613,0.54808,-0.13787,0.15242,0.40174
0.70142,0.36749,0.45832,0.84293,0.5511,-0.044267,0.23686,0.31427,0.58689,0.074032,0.2635,0.45737,0.52959,0.21259,0.33933,0.71128,0.51997,-0.097842,0.17194,0.38677
0.82937,0.31225,0.34905,0.85384,0.57521,-0.081502,0.20419,0.31886,0.57425,0.089032,0.27791,0.43632,0.6643,0.16613,0.22426,0.70572,0.49263,-0.058926,0.19405,0.37899
0.92259,0.26538,0.21828,0.86119,0.54514,-0.15988,0.11878,0.31767,0.56256,0.11452,0.29407,0.42666,0.76279,0.12883,0.080087,0.6976,0.47146,-0.022443,0.21682,0.3801
0.97807,0.23847,0.090542,0.86087,0.50604,-0.22032,0.049489,0.31722,0.55598,0.15264,0.31103,0.42788,0.82198,0.10612,-0.068671,0.68693,0.46114,0.014705,0.24046,0.39017
1.0043,0.22892,-0.0078027,0.85432,0.47876,-0.26418,-0.009102,0.31528,0.55526,0.2013,0.32659,0.43509,0.85094,0.094992,-0.18878,0.67647,0.46163,0.054546,0.26455,0.40766
1.0134,0.22473,-0.071909,0.84607,0.4631,-0.25962,-0.047609,0.30564,0.55785,0.25383,0.33867,0.44413,0.86216,0.087426,-0.26866,0.66872,0.4689,0.096594,0.28699,0.42952
1.0153,0.21556,-0.12087,0.83818,0.4631,-0.25936,-0.07572,0.29561,0.56274,0.30351,0.3463,0.45436,0.86528,0.075824,-0.33093,0.66207,0.47561,0.1379,0.30511,0.45023
1.014,0.19773,-0.16304,0.83027,0.4631,-0.26346,-0.10126,0.30462,0.57083,0.34639,0.3511,0.4701,0.86463,0.054677,-0.38405,0.65437,0.47432,0.17813,0.31745,0.46431
1.0109,0.17454,-0.19525,0.82085,0.4631,-0.25316,-0.11156,0.31159,0.58081,0.38269,0.3575,0.49565,0.86094,0.022029,-0.42791,0.64265,0.46192,0.21974,0.3246,0.46851
1.0061,0.15318,-0.2091,0.81012,0.4631,-0.20685,-0.18105,0.29148,0.58904,0.41579,0.37061,0.52989,0.85446,-0.018166,-0.4485,0.62845,0.44018,0.26365,0.32912,0.46354
0.99939,0.14123,-0.20344,0.7999,0.45492,-0.17378,-0.28092,0.28319,0.59159,0.44991,0.39257,0.56612,0.84469,-0.056345,-0.44598,0.61409,0.41823,0.30827,0.3333,0.45372
0.99052,0.14558,-0.18679,0.79173,0.45517,-0.15037,-0.29901,0.28319,0.58758,0.48841,0.42039,0.59705,0.83191,-0.079366,-0.43158,0.60037,0.40838,0.35099,0.33857,0.44526
0.97755,0.16845,-0.16961,0.78526,0.46396,-0.11075,-0.30051,0.28319,0.57963,0.53149,0.44806,0.61999,0.81513,-0.078078,-0.41595,0.58514,0.41681,0.38991,0.34403,0.44273
0.95274,0.20526,-0.15727,0.77254,0.47996,-0.064106,-0.30051,0.28319,0.57195,0.57694,0.47082,0.63569,0.78665,-0.057372,-0.40482,0.55869,0.43836,0.42486,0.3472,0.44785
0.90347,0.2459,-0.14997,0.74274,0.48679,0.015021,-0.3108,0.28319,0.56728,0.62029,0.48745,0.64665,0.73351,-0.027866,-0.39851,0.50866,0.46156,0.45725,0.34637,0.45831
0.81666,0.28005,-0.1444,0.68755,0.48094,0.04301,-0.31639,0.27543,0.56595,0.65721,0.49955,0.65479,0.64017,-0.0025289,-0.39778,0.42618,0.47697,0.48906,0.34181,0.46976
0.68565,0.30318,-0.1373,0.61039,0.43813,0.045628,-0.3323,0.26899,0.56735,0.68518,0.50931,0.66043,0.49605,0.015806,-0.40191,0.31295,0.48201,0.52108,0.33551,0.47828
0.51954,0.31511,-0.12991,0.52906,0.37087,0.045628,-0.37616,0.34776,0.57103,0.70306,0.51766,0.66338,0.30322,0.028837,-0.41163,0.18838,0.48051,0.55224,0.33035,0.48197
0.36283,0.31848,-0.12818,0.47138,0.38024,0.045628,-0.39471,0.37112,0.57648,0.71131,0.52462,0.66297,0.10765,0.038023,-0.43235,0.08874,0.4771,0.5793,0.3279,0.48314
0.30462,0.31696,-0.13739,0.46016,0.38468,0.045628,-0.3588,0.38302,0.58268,0.71159,0.53007,0.65922,0.038331,0.043933,-0.46897,0.059524,0.47531,0.59873,0.3274,0.4857
0.38646,0.31458,-0.15792,0.50318,0.38707,0.050471,-0.30632,0.39186,0.58626,0.70712,0.53389,0.65283,0.17057,0.049754,-0.52054,0.13521,0.47554,0.60917,0.3263,0.49313
0.53736,0.31563,-0.18151,0.58552,0.38707,0.079359,-0.30608,0.40142,0.58328,0.70211,0.53661,0.6442,0.37894,0.060796,-0.5749,0.2847,0.476,0.61181,0.32199,0.50585
0.68506,0.32001,-0.19925,0.68258,0.37877,0.10328,-0.31938,0.40971,0.57141,0.69949,0.53904,0.63174,0.56243,0.076367,-0.61386,0.44758,0.47479,0.60938,0.31412,0.52111
0.80301,0.32619,-0.20621,0.76906,0.37832,0.12467,-0.32706,0.40578,0.55296,0.70035,0.54161,0.61286,0.70255,0.096273,-0.62298,0.58085,0.47107,0.60372,0.30513,0.53453
0.89125,0.33155,-0.20456,0.83084,0.37832,0.13661,-0.30201,0.41043,0.53363,0.70256,0.54366,0.58598,0.80522,0.11781,-0.61092,0.67047,0.46472,0.59635,0.29872,0.54255
0.96378,0.33307,-0.19647,0.86598,0.39334,0.13988,-0.2073,0.39719,0.52026,0.70222,0.54378,0.55322,0.88876,0.13638,-0.59361,0.72009,0.45584,0.5882,0.3002,0.54268
1.0342,0.32783,-0.18146,0.87937,0.40807,0.13988,-0.11065,0.39012,0.5148,0.69558,0.54175,0.52061,0.96865,0.14792,-0.58311,0.7409,0.44419,0.57953,0.31418,0.53437
1.1046,0.31127,-0.1581,0.87841,0.36881,0.13988,-0.053159,0.42871,0.51424,0.68033,0.53986,0.49497,1.0462,0.14626,-0.58099,0.74551,0.42973,0.57029,0.34332,0.51894
1.1703,0.28116,-0.12851,0.86939,0.34417,0.12635,-0.020539,0.52889,0.51489,0.65563,0.54215,0.47983,1.1158,0.12862,-0.57587,0.7436,0.41301,0.55962,0.38526,0.49918
1.223,0.23991,-0.097164,0.85696,0.32296,0.13608,0.0011617,0.61789,0.51513,0.62339,0.55123,0.4743,1.1691,0.095599,-0.55337,0.74073,0.39565,0.54587,0.4328,0.47794
1.2595,0.19721,-0.068117,0.84397,0.31866,0.1308,0.025494,0.69203,0.51595,0.58837,0.56755,0.47385,1.2037,0.055107,-0.50358,0.73824,0.3801,0.52697,0.47741,0.45762
1.2811,0.16224,-0.043851,0.83294,0.31585,0.086357,0.098093,0.73402,0.5176,0.55633,0.58978,0.47429,1.2222,0.014598,-0.43701,0.73716,0.36895,0.50095,0.51341,0.44018
1.292,0.13932,-0.026266,0.82483,0.3285,0.04905,0.16584,0.74486,0.51862,0.53071,0.61641,0.47253,1.2302,-0.02035,-0.3742,0.73721,0.36479,0.46754,0.53818,0.42647
1.2959,0.12497,-0.015454,0.81803,0.33329,0.043195,0.1996,0.74486,0.51778,0.51181,0.64479,0.46945,1.2323,-0.047424,-0.32881,0.73729,0.37032,0.42969,0.55146,0.41318
1.2938,0.1142,-0.011293,0.80614,0.33329,0.043195,0.20512,0.74486,0.51432,0.497,0.67204,0.46753,1.2296,-0.068843,-0.30555,0.73184,0.38598,0.39411,0.55438,0.39513
1.2827,0.1045,-0.010176,0.77687,0.3272,0.043195,0.20512,0.74486,0.50971,0.48295,0.69545,0.4711,1.2181,-0.08864,-0.29928,0.7078,0.40831,0.36736,0.55019,0.36824
1.2599,0.097538,-0.0073881,0.72,0.32579,0.043195,0.195,0.74486,0.50542,0.46843,0.71316,0.48301,1.194,-0.10604,-0.29681,0.65257,0.43203,0.35179,0.54346,0.33521
1.2267,0.10227,0.005212,0.62879,0.32579,0.043195,0.18722,0.74486,0.50054,0.45618,0.72402,0.50275,1.1583,-0.10874,-0.28347,0.55389,0.453,0.34332,0.5374,0.30564
1.1876,0.12864,0.049326,0.51026,0.32579,0.043195,0.19526,0.74486,0.49219,0.44776,0.72779,0.52911,1.115,-0.078867,-0.22594,0.40778,0.46931,0.33616,0.53281,0.29079
1.1468,0.17909,0.13885,0.39429,0.33162,0.069506,0.22314,0.74252,0.47816,0.44219,0.72502,0.55989,1.0689,-0.01098,-0.10666,0.22656,0.48182,0.32548,0.52865,0.29404
1.1023,0.24335,0.2564,0.3265,0.33955,0.1197,0.25684,0.74539,0.45807,0.43622,0.71714,0.59211,1.018,0.078338,0.045895,0.054215,0.49139,0.30925,0.52193,0.31033
1.0458,0.30419,0.36957,0.32493,0.35844,0.14185,0.27946,0.74566,0.43511,0.42645,0.70611,0.62207,0.95198,0.16205,0.18881,-0.046576,0.49806,0.28818,0.50927,0.33271
0.96983,0.35108,0.45782,0.35904,0.37766,0.18195,0.31023,0.74173,0.41496,0.41234,0.6938,0.64589,0.86084,0.22567,0.29848,-0.065117,0.50125,0.26492,0.48658,0.3582
0.87137,0.3828,0.51655,0.396,0.41497,0.19834,0.33241,0.73315,0.40126,0.39668,0.68108,0.66238,0.73757,0.26871,0.37048,-0.046757,0.50096,0.24239,0.45111,0.38523
0.76048,0.4047,0.55183,0.42393,0.48561,0.20117,0.35091,0.73153,0.39493,0.38243,0.66771,0.67247,0.591,0.29774,0.41115,-0.025971,0.49855,0.22263,0.40225,0.41161
0.65758,0.42257,0.57413,0.44847,0.53552,0.20288,0.35156,0.73153,0.39487,0.36976,0.65188,0.67936,0.44757,0.32026,0.43264,-0.0027236,0.49585,0.20629,0.34329,0.43381
0.58476,0.44068,0.59965,0.48242,0.53748,0.20698,0.35457,0.73784,0.39936,0.35769,0.63052,0.68698,0.34396,0.34001,0.45174,0.038653,0.49301,0.1927,0.28043,0.44877
0.54874,0.46171,0.64362,0.53545,0.53273,0.23504,0.37565,0.75003,0.40779,0.34642,0.60122,0.69861,0.29345,0.35935,0.48719,0.11407,0.48709,0.18082,0.22055,0.45581
0.53828,0.48627,0.70786,0.60403,0.53104,0.24776,0.38999,0.76083,0.41929,0.33634,0.56429,0.71603,0.27535,0.3784,0.54462,0.21651,0.47494,0.17169,0.16895,0.45741
0.53881,0.51264,0.77876,0.67268,0.53317,0.24776,0.39232,0.74447,0.43434,0.32809,0.52344,0.73863,0.26818,0.39879,0.61241,0.31776,0.45522,0.16902,0.13097,0.45757
0.54522,0.5369,0.83988,0.72803,0.53806,0.24776,0.39232,0.73889,0.45252,0.32181,0.48413,0.76214,0.27188,0.41913,0.67347,0.39924,0.43029,0.17944,0.10985,0.4591
0.55437,0.55291,0.8807,0.76273,0.54052,0.24776,0.39232,0.73889,0.47179,0.31575,0.45131,0.78166,0.29066,0.43427,0.7154,0.45275,0.40504,0.20457,0.10422,0.46131
0.56275,0.55704,0.90071,0.77869,0.54052,0.24776,0.39448,0.73889,0.49047,0.30656,0.42739,0.79469,0.31562,0.43972,0.73628,0.48313,0.38518,0.23832,0.10943,0.46123
0.5686,0.54693,0.90292,0.78146,0.54052,0.24776,0.39448,0.73889,0.50761,0.2939,0.41266,0.80046,0.33758,0.43035,0.73825,0.49852,0.37481,0.27015,0.11788,0.45621
0.57232,0.52272,0.89089,0.77724,0.54052,0.24776,0.3886,0.73655,0.52349,0.28142,0.40589,0.79926,0.35149,0.40257,0.72439,0.50532,0.37421,0.29349,0.12209,0.44606
0.5732,0.48693,0.86678,0.77071,0.54052,0.24776,0.3886,0.73226,0.53838,0.27617,0.40556,0.79198,0.35465,0.35638,0.6964,0.50887,0.38004,0.30809,0.11944,0.43332
0.57133,0.44649,0.83326,0.7648,0.54052,0.24919,0.3886,0.74073,0.55144,0.284,0.41002,0.78066,0.34917,0.29866,0.65677,0.51141,0.38702,0.31695,0.11111,0.4213
0.56602,0.40987,0.79614,0.76148,0.54052,0.25018,0.3886,0.72508,0.56076,0.30466,0.41676,0.76947,0.33837,0.24159,0.6123,0.51508,0.39123,0.32208,0.10253,0.41099
0.55637,0.38131,0.76233,0.76171,0.53484,0.24057,0.3886,0.70274,0.56531,0.3319,0.42181,0.76151,0.32594,0.19457,0.57195,0.52036,0.39197,0.32324,0.098466,0.40141
0.54077,0.35692,0.73563,0.7647,0.51069,0.19135,0.3886,0.68264,0.56517,0.35931,0.42176,0.75736,0.31203,0.15601,0.54173,0.52547,0.3908,0.32063,0.10313,0.39162
0.51891,0.32983,0.71441,0.76751,0.49397,0.12955,0.3886,0.66325,0.5608,0.3832,0.41618,0.75437,0.29551,0.11761,0.51967,0.52681,0.38915,0.31896,0.11873,0.38349
0.49292,0.29487,0.68894,0.76354,0.46635,0.099607,0.38012,0.63699,0.55257,0.402,0.40841,0.74853,0.27776,0.072868,0.49513,0.51761,0.3878,0.3256,0.1467,0.38108
0.46498,0.25237,0.64424,0.74404,0.41836,0.053731,0.35987,0.61889,0.54027,0.41545,0.40225,0.73724,0.25947,0.022844,0.45044,0.48903,0.38667,0.34368,0.18572,0.38673
0.43722,0.2093,0.56517,0.70305,0.34382,0.015444,0.32857,0.6015,0.52502,0.42487,0.39978,0.71865,0.24294,-0.018537,0.36837,0.4341,0.3844,0.36741,0.23008,0.3978
0.40987,0.18088,0.44211,0.64274,0.30748,-0.045892,0.27985,0.56153,0.50827,0.43239,0.39969,0.69233,0.22425,-0.031834,0.2361,0.35465,0.37905,0.38643,0.2708,0.40795
0.38211,0.18358,0.27648,0.5742,0.29803,-0.10806,0.22641,0.49627,0.49179,0.44015,0.40035,0.6597,0.19781,-0.00070296,0.050943,0.26278,0.36897,0.39109,0.30088,0.41161
0.35467,0.22106,0.10201,0.51628,0.28294,-0.17332,0.19869,0.40946,0.47685,0.44982,0.40216,0.62474,0.1604,0.066719,-0.15266,0.18344,0.35473,0.37832,0.31865,0.40688
0.33322,0.27422,-0.013349,0.48315,0.25635,-0.20082,0.17857,0.36088,0.4645,0.46174,0.40717,0.59171,0.11797,0.13976,-0.28403,0.1407,0.33815,0.35234,0.32702,0.39632
0.32729,0.32312,-0.023151,0.47493,0.21882,-0.22527,0.16913,0.38044,0.45505,0.47388,0.41504,0.56397,0.086958,0.19661,-0.27452,0.13772,0.32104,0.32265,0.33036,0.38441
0.34318,0.35968,0.041433,0.48341,0.23261,-0.19515,0.1659,0.41943,0.4483,0.48348,0.42322,0.54343,0.081409,0.23189,-0.18571,0.15605,0.30403,0.29944,0.33263,0.37523
0.38242,0.39003,0.14879,0.50722,0.26067,-0.078768,0.14701,0.4356,0.44414,0.48899,0.42835,0.53079,0.1112,0.25585,-0.063899,0.1759,0.2883,0.28912,0.33496,0.36956
0.44022,0.42156,0.2799,0.54955,0.29783,0.011338,0.098656,0.44414,0.44402,0.49033,0.42837,0.52527,0.17046,0.28206,0.076728,0.1874,0.2771,0.29266,0.33628,0.36446
0.50908,0.45578,0.40611,0.60779,0.32,0.047992,0.086062,0.44163,0.44967,0.48881,0.42348,0.52372,0.24517,0.31483,0.21105,0.18802,0.27499,0.30677,0.3356,0.35562
0.57853,0.48813,0.506,0.66958,0.32906,0.049905,0.11273,0.40814,0.46143,0.48587,0.41639,0.52275,0.31818,0.34996,0.31799,0.18167,0.28338,0.32714,0.33333,0.34007
0.63884,0.51359,0.57131,0.72129,0.35582,0.049905,0.1168,0.38033,0.47836,0.48218,0.4106,0.5197,0.3783,0.38015,0.38898,0.17849,0.29762,0.34986,0.32995,0.31817
0.68451,0.53153,0.60603,0.75566,0.37735,0.049905,0.12519,0.38033,0.49856,0.47792,0.40865,0.51393,0.42218,0.40223,0.42782,0.18556,0.31063,0.37139,0.32427,0.29214
0.71507,0.54409,0.61991,0.77388,0.38993,0.045934,0.14615,0.38338,0.52043,0.47376,0.41286,0.50585,0.45166,0.41693,0.44533,0.20764,0.3172,0.38834,0.31244,0.26313
0.73502,0.55241,0.62379,0.78305,0.40141,0.045252,0.1561,0.39997,0.54207,0.47206,0.42425,0.49545,0.47355,0.42499,0.45276,0.24021,0.31606,0.39807,0.29113,0.23024
0.74981,0.55418,0.62494,0.79153,0.38498,0.056036,0.17781,0.40365,0.56089,0.47542,0.44232,0.48214,0.49405,0.42433,0.45767,0.27655,0.30986,0.39999,0.26169,0.19264
0.76237,0.54407,0.62593,0.80399,0.36253,0.066731,0.19009,0.3985,0.57433,0.48431,0.465,0.46742,0.51372,0.40952,0.46254,0.31266,0.30314,0.39591,0.23377,0.1521
0.77162,0.51725,0.62704,0.82026,0.34597,0.075929,0.19009,0.38679,0.58175,0.4955,0.48969,0.45462,0.52953,0.37451,0.46716,0.34578,0.30058,0.39021,0.22233,0.11346
0.77767,0.47396,0.62801,0.83839,0.33629,0.086965,0.19009,0.38939,0.58575,0.50356,0.51393,0.44549,0.53982,0.31814,0.47097,0.37666,0.3035,0.38758,0.23581,0.082302
0.77988,0.42122,0.628,0.85674,0.3332,0.086965,0.19009,0.40182,0.58929,0.50417,0.53563,0.43892,0.5437,0.24857,0.47322,0.40717,0.30982,0.38982,0.26749,0.060774
0.7785,0.36953,0.62415,0.87365,0.33061,0.086965,0.19415,0.39044,0.59321,0.49656,0.55406,0.43076,0.54218,0.18077,0.4716,0.43732,0.31545,0.39526,0.3033,0.047735
0.7739,0.32485,0.61101,0.88648,0.32937,0.086965,0.20113,0.38428,0.59583,0.48388,0.5695,0.4165,0.53736,0.1283,0.46246,0.46824,0.31725,0.40099,0.33236,0.041753
0.76561,0.28081,0.5789,0.8901,0.32795,0.086965,0.21129,0.38428,0.59459,0.46997,0.58247,0.39392,0.52896,0.086487,0.43698,0.49712,0.3133,0.40486,0.35166,0.041612
0.7502,0.22451,0.51737,0.87887,0.29615,0.086965,0.21698,0.37026,0.58708,0.4572,0.59343,0.36287,0.51231,0.034455,0.38486,0.52091,0.30305,0.40536,0.36411,0.044849
0.72251,0.14803,0.42072,0.84985,0.26051,0.035227,0.19649,0.32289,0.57309,0.44603,0.60342,0.32385,0.48094,-0.043373,0.30047,0.53743,0.28567,0.4031,0.37321,0.04853
0.67982,0.05414,0.29329,0.80672,0.22373,-0.085218,0.15873,0.27399,0.55352,0.43822,0.61423,0.27834,0.43172,-0.1515,0.18841,0.54811,0.2613,0.40035,0.38112,0.050954
0.62614,-0.043084,0.15723,0.75962,0.21541,-0.20459,0.12659,0.29227,0.5296,0.43677,0.62687,0.22986,0.36981,-0.27756,0.069399,0.55498,0.23316,0.39997,0.38836,0.052137
0.57355,-0.13084,0.047727,0.72047,0.21541,-0.20145,0.10695,0.31997,0.50289,0.44384,0.64003,0.18563,0.31137,-0.40308,-0.025203,0.55956,0.20738,0.40165,0.39491,0.053922
0.53611,-0.20658,-0.01405,0.69505,0.2257,-0.15522,0.085977,0.32486,0.47457,0.45795,0.64934,0.15377,0.27506,-0.51364,-0.079795,0.56033,0.19001,0.40267,0.40177,0.058952
0.5193,-0.27694,-0.043344,0.68014,0.23954,-0.12655,0.054196,0.32325,0.44592,0.47285,0.65032,0.13853,0.2663,-0.61028,-0.10743,0.55638,0.18273,0.40081,0.4089,0.068488
0.51782,-0.34106,-0.065041,0.66798,0.21558,-0.12132,0.0036819,0.30919,0.41739,0.48089,0.64153,0.13903,0.27555,-0.6986,-0.12938,0.54715,0.18172,0.39741,0.41475,0.08131
0.5235,-0.38716,-0.088796,0.65348,0.21861,-0.12951,-0.032222,0.30678,0.38895,0.47769,0.62544,0.14766,0.29122,-0.77039,-0.15422,0.53274,0.18097,0.39712,0.41642,0.094495
0.5321,-0.40415,-0.11504,0.63612,0.21861,-0.14213,-0.095016,0.33742,0.36103,0.46389,0.60719,0.15668,0.30646,-0.81157,-0.18293,0.51478,0.17498,0.40449,0.41043,0.10505
0.53935,-0.39847,-0.14048,0.6164,0.21861,-0.15424,-0.17568,0.36139,0.33385,0.44386,0.59107,0.16245,0.31859,-0.82107,-0.2124,0.49392,0.16296,0.42067,0.39571,0.11232
0.54456,-0.38551,-0.15827,0.59269,0.21861,-0.17709,-0.2452,0.38675,0.3087,0.42383,0.57926,0.16641,0.33017,-0.81401,-0.23446,0.4682,0.14904,0.44181,0.37579,0.11897
0.54603,-0.37712,-0.16114,0.56179,0.21861,-0.22121,-0.3147,0.39114,0.28821,0.40821,0.57185,0.17402,0.34096,-0.81249,-0.24157,0.43499,0.1417,0.46273,0.35952,0.12819
0.54227,-0.37581,-0.14806,0.52101,0.23067,-0.24214,-0.30711,0.38596,0.27477,0.39903,0.56823,0.1905,0.34947,-0.8218,-0.23218,0.39105,0.14617,0.47825,0.35596,0.13855
0.53133,-0.3753,-0.12602,0.47178,0.23272,-0.24214,-0.27109,0.38592,0.26831,0.39564,0.56728,0.21594,0.35228,-0.82743,-0.21373,0.33733,0.16043,0.48513,0.36826,0.14536
0.51389,-0.36754,-0.10076,0.42201,0.23272,-0.24214,-0.22949,0.38311,0.26736,0.39661,0.56826,0.24563,0.34933,-0.80732,-0.19294,0.28155,0.17683,0.4834,0.3907,0.14482
0.49436,-0.34978,-0.073973,0.38298,0.23272,-0.24214,-0.22632,0.37669,0.26829,0.40026,0.56964,0.2748,0.34462,-0.76115,-0.17184,0.23484,0.18863,0.47516,0.41535,0.13749
0.47798,-0.326,-0.038921,0.36055,0.23197,-0.24214,-0.2726,0.35223,0.26869,0.4028,0.56909,0.30137,0.34304,-0.70322,-0.14221,0.20443,0.19464,0.46257,0.43668,0.12798
0.46874,-0.29312,0.015488,0.35524,0.22333,-0.23403,-0.28206,0.34123,0.26779,0.40031,0.56561,0.32482,0.34689,-0.63268,-0.088523,0.18966,0.19654,0.44654,0.45219,0.12208
0.46495,-0.23754,0.095601,0.36518,0.21996,-0.17676,-0.28143,0.3438,0.26692,0.39199,0.56021,0.34459,0.35187,-0.52687,-0.0041916,0.18569,0.19561,0.42827,0.46207,0.12205
0.46133,-0.15412,0.19112,0.38823,0.21106,-0.12212,-0.23786,0.33477,0.26866,0.38151,0.55612,0.35972,0.35033,-0.38499,0.096899,0.18854,0.19213,0.41104,0.46663,0.12602
0.4517,-0.053609,0.28315,0.42072,0.18014,-0.097085,-0.17895,0.29017,0.27414,0.37556,0.5577,0.36884,0.33509,-0.23194,0.19336,0.19699,0.1877,0.40072,0.46764,0.13146
0.43377,0.046242,0.35591,0.45728,0.17253,-0.10329,-0.13522,0.27176,0.28241,0.37992,0.56649,0.3719,0.30364,-0.092127,0.26817,0.21339,0.18674,0.40199,0.46826,0.13674
0.40998,0.13285,0.40327,0.49214,0.16423,-0.11076,-0.12816,0.27513,0.29098,0.39479,0.57927,0.37009,0.26169,0.022741,0.31574,0.23871,0.19339,0.41309,0.47015,0.14121
0.39168,0.20271,0.42742,0.52041,0.16017,-0.11353,-0.11038,0.26133,0.29698,0.41611,0.58989,0.36502,0.22788,0.1126,0.33855,0.26766,0.20732,0.42541,0.47194,0.14502
0.39376,0.25551,0.43437,0.53985,0.15844,-0.11408,-0.10213,0.24462,0.29881,0.43863,0.59328,0.35779,0.2244,0.17948,0.34257,0.2912,0.22227,0.42936,0.4698,0.14699
0.42391,0.29219,0.43059,0.55061,0.15648,-0.10571,-0.10213,0.26022,0.29687,0.45812,0.58789,0.34834,0.25894,0.22549,0.33354,0.30024,0.23076,0.42093,0.46013,0.14389
0.47422,0.31591,0.42452,0.55606,0.15204,-0.072723,-0.099632,0.28185,0.29455,0.47278,0.5756,0.33559,0.3174,0.25512,0.31955,0.29303,0.22843,0.40299,0.44122,0.13207
0.52793,0.33151,0.42624,0.56346,0.14427,-0.03939,-0.053648,0.32461,0.29574,0.48229,0.56043,0.3189,0.37789,0.27386,0.3116,0.27953,0.21714,0.38341,0.41386,0.11169
0.57191,0.34338,0.44145,0.57754,0.10015,-0.016533,-0.021898,0.38862,0.30404,0.49005,0.54707,0.29941,0.4261,0.28641,0.31735,0.2698,0.20224,0.36944,0.38013,0.086855
0.60096,0.35262,0.46669,0.59817,0.059436,0.020089,0.0084039,0.42537,0.31942,0.50065,0.53794,0.28014,0.45767,0.29419,0.33536,0.26797,0.18892,0.36324,0.34395,0.064929
0.61605,0.35813,0.49194,0.62084,0.057455,0.047816,0.056301,0.43613,0.3374,0.51654,0.53252,0.2645,0.47472,0.297,0.35588,0.2691,0.18048,0.36247,0.31058,0.051347
0.62212,0.35898,0.50645,0.63942,0.057455,0.048531,0.068999,0.4545,0.35221,0.536,0.52803,0.25358,0.48305,0.29489,0.36708,0.26455,0.17505,0.36528,0.28565,0.046357
0.62291,0.35422,0.50338,0.64919,0.057455,0.048531,0.068999,0.45875,0.35942,0.55445,0.52114,0.2465,0.48698,0.28759,0.35995,0.24936,0.17024,0.37046,0.27171,0.045617
0.6203,0.3434,0.47953,0.64948,0.057455,0.048531,0.068999,0.45875,0.35757,0.56604,0.50991,0.2418,0.48799,0.27373,0.32926,0.22839,0.16502,0.37677,0.26701,0.044382
0.61537,0.32829,0.43513,0.64204,0.044516,0.047999,0.068999,0.45875,0.34778,0.56759,0.49576,0.2394,0.48701,0.25309,0.27391,0.21223,0.16024,0.38076,0.26722,0.041427
0.61042,0.31279,0.37414,0.63004,0.039472,0.027909,0.068999,0.45875,0.33262,0.55875,0.48114,0.23896,0.48688,0.22779,0.19598,0.2074,0.15535,0.37735,0.2678,0.037494
0.60691,0.30306,0.30714,0.61555,0.013531,-0.0036858,0.061081,0.45455,0.31476,0.54144,0.46822,0.23882,0.48944,0.20358,0.10657,0.20951,0.14792,0.36245,0.2651,0.03428
0.60467,0.30322,0.25064,0.60022,-0.033218,-0.047134,0.057535,0.44927,0.29689,0.519,0.45851,0.23656,0.49437,0.1864,0.024924,0.20876,0.13462,0.33548,0.25865,0.033515
0.60001,0.31453,0.21818,0.58707,-0.062346,-0.025889,0.057535,0.44754,0.28198,0.49554,0.45325,0.23142,0.49636,0.18172,-0.028915,0.20169,0.11472,0.30131,0.25266,0.035963
0.58764,0.33425,0.21116,0.58039,-0.052947,-0.010792,0.057535,0.45211,0.27139,0.47624,0.45318,0.22447,0.48827,0.1904,-0.050654,0.19684,0.093785,0.26859,0.25297,0.042848
0.56304,0.36562,0.22407,0.58362,0.0018919,-0.010792,0.057535,0.48672,0.2648,0.46587,0.45772,0.21735,0.46363,0.21832,-0.046705,0.21012,0.079269,0.24479,0.26188,0.054477
0.52638,0.41346,0.24648,0.59517,0.088473,-0.010792,0.057535,0.54195,0.25868,0.46549,0.46483,0.21043,0.41841,0.27003,-0.032984,0.24606,0.075544,0.23123,0.27642,0.069821
0.48429,0.47338,0.2641,0.60734,0.18357,-0.010792,0.057535,0.56455,0.24818,0.47099,0.47128,0.20226,0.35282,0.3371,-0.030387,0.29039,0.079827,0.22404,0.29161,0.085045
0.44897,0.53325,0.26674,0.61307,0.22806,-0.0077547,0.057384,0.56734,0.22985,0.47356,0.47401,0.19139,0.2749,0.40413,-0.051457,0.32904,0.086866,0.22025,0.30485,0.096405
0.43015,0.58094,0.25027,0.60915,0.24935,-0.027301,0.039719,0.56049,0.2043,0.46531,0.47233,0.17754,0.19848,0.4574,-0.10042,0.35634,0.093318,0.21893,0.31565,0.10177
0.42764,0.61137,0.22106,0.59589,0.24935,-0.046196,-0.031784,0.52082,0.18038,0.443,0.46857,0.1609,0.13717,0.49227,-0.16532,0.37357,0.097758,0.21928,0.32284,0.10221
0.4319,0.62677,0.19425,0.57691,0.24935,-0.046196,-0.15954,0.44641,0.17051,0.40995,0.46691,0.14333,0.092983,0.51116,-0.21929,0.38361,0.10174,0.21731,0.32419,0.10011
0.4342,0.63298,0.18356,0.55673,0.24935,-0.046196,-0.26605,0.40018,0.1818,0.37368,0.47072,0.12686,0.058619,0.51991,-0.23955,0.3883,0.10539,0.2092,0.32016,0.096858
0.43071,0.635,0.19128,0.53806,0.25931,-0.046196,-0.30083,0.38133,0.20807,0.34334,0.48069,0.11311,0.025609,0.5237,-0.22813,0.3851,0.10883,0.19292,0.3148,0.092508
0.42108,0.63374,0.21136,0.52269,0.26357,-0.033126,-0.24432,0.38133,0.23632,0.32375,0.49409,0.1018,-0.012181,0.52363,-0.2007,0.37159,0.11104,0.17157,0.31423,0.085708
0.40608,0.62827,0.23798,0.51162,0.25623,-0.020759,-0.18779,0.38133,0.25743,0.31459,0.50769,0.095431,-0.06005,0.51892,-0.16278,0.34919,0.11251,0.15188,0.32261,0.075048
0.38743,0.61715,0.26857,0.5074,0.25589,-0.0032928,-0.15706,0.38133,0.27104,0.31343,0.51923,0.097755,-0.11965,0.50869,-0.11312,0.32369,0.11339,0.14125,0.33839,0.060527
0.36873,0.60235,0.302,0.51176,0.25589,0.018576,-0.11788,0.39532,0.2811,0.3186,0.52709,0.11373,-0.18628,0.49532,-0.05278,0.30279,0.11523,0.1461,0.357,0.044583
0.35383,0.5891,0.34457,0.52547,0.25589,0.024106,-0.090819,0.41847,0.29087,0.32699,0.52997,0.14183,-0.24691,0.48485,0.023088,0.29199,0.119,0.16701,0.37226,0.031095
0.34326,0.58303,0.40137,0.54549,0.25589,0.042277,-0.0851,0.4345,0.30038,0.33274,0.52669,0.17377,-0.29053,0.48267,0.1179,0.29082,0.12346,0.19758,0.38034,0.02233
0.33277,0.5818,0.46683,0.56712,0.25589,0.076997,-0.083736,0.4345,0.30737,0.32977,0.51702,0.20014,-0.31698,0.48527,0.22115,0.29552,0.1277,0.22888,0.38037,0.017432
0.31542,0.57451,0.52672,0.58583,0.25067,0.121,-0.069381,0.44005,0.31066,0.31603,0.50189,0.2165,-0.33001,0.48027,0.31503,0.30204,0.13141,0.25545,0.37404,0.013967
0.28685,0.55044,0.56867,0.59893,0.22845,0.14157,-0.052714,0.4277,0.31102,0.29582,0.48427,0.22378,-0.32537,0.45668,0.38518,0.3056,0.13476,0.27654,0.36429,0.011374
0.24819,0.5062,0.58922,0.60772,0.17566,0.13647,-0.038737,0.39371,0.31037,0.27813,0.46969,0.22601,-0.29888,0.41113,0.42759,0.30487,0.13688,0.29376,0.35338,0.011948
0.20661,0.45045,0.59385,0.6153,0.13968,0.12633,-0.023948,0.36274,0.31048,0.27089,0.46325,0.22631,-0.25177,0.35274,0.44735,0.30079,0.13627,0.30891,0.34362,0.01777
0.17285,0.40031,0.59232,0.62588,0.14294,0.1072,0.0014036,0.35401,0.30991,0.27658,0.46558,0.22654,-0.19344,0.29829,0.45471,0.30051,0.13202,0.32348,0.33707,0.027568
0.15454,0.36979,0.59223,0.64152,0.1774,0.095572,0.008698,0.35401,0.30579,0.29279,0.47209,0.22685,-0.13529,0.26242,0.45923,0.31233,0.12483,0.33931,0.33577,0.037452
0.15236,0.35915,0.59465,0.65967,0.21348,0.095572,0.008698,0.35175,0.29625,0.31665,0.47694,0.22678,-0.083797,0.24655,0.46465,0.33582,0.11694,0.35842,0.33976,0.044719
0.16114,0.35799,0.59677,0.67582,0.23576,0.095572,0.008698,0.34681,0.28312,0.34552,0.47692,0.22615,-0.040204,0.2409,0.47017,0.364,0.10974,0.3814,0.34582,0.049325
0.17579,0.35719,0.59563,0.68558,0.2317,0.095572,0.008698,0.34434,0.27147,0.37508,0.47234,0.22662,-0.0029147,0.23732,0.47339,0.38806,0.10362,0.40559,0.34874,0.053182
0.19123,0.35171,0.58997,0.68695,0.17709,0.095572,0.0024923,0.33949,0.26657,0.39939,0.46395,0.22872,0.028481,0.23045,0.47199,0.4028,0.097718,0.42635,0.3436,0.058394
0.20341,0.3403,0.57969,0.67975,0.12318,0.095572,-0.033901,0.33949,0.2683,0.41328,0.45155,0.23099,0.052255,0.21775,0.465,0.40813,0.092533,0.43937,0.3287,0.065028
0.20896,0.32046,0.56468,0.66436,0.098394,0.095572,-0.083749,0.33949,0.27225,0.41456,0.4352,0.22983,0.065249,0.19574,0.45236,0.40484,0.089557,0.44194,0.30523,0.071227
0.20755,0.28476,0.53902,0.63916,0.098394,0.086808,-0.108,0.33949,0.27389,0.40542,0.41813,0.22252,0.066537,0.15333,0.42905,0.39305,0.091434,0.43391,0.27813,0.074809
0.20359,0.22598,0.49321,0.60233,0.099662,0.057114,-0.15115,0.33448,0.27222,0.39118,0.40694,0.20987,0.059294,0.079596,0.38608,0.37096,0.099241,0.41801,0.25315,0.074564
0.21069,0.14255,0.41796,0.55302,0.11776,0.025265,-0.20295,0.31147,0.27015,0.37762,0.40693,0.19662,0.057695,-0.032276,0.31375,0.33531,0.10967,0.39922,0.23541,0.070724
0.24605,0.04552,0.31036,0.49385,0.12485,0.0098254,-0.24027,0.29392,0.27079,0.36832,0.41811,0.18768,0.085228,-0.17385,0.20689,0.28503,0.11702,0.38216,0.22633,0.064071
0.31442,-0.036822,0.18204,0.43222,0.12797,-0.019179,-0.25708,0.26819,0.27567,0.36326,0.43502,0.18549,0.15503,-0.30543,0.073756,0.22521,0.11772,0.36857,0.22546,0.05545
0.40078,-0.073822,0.061067,0.37504,0.12797,-0.014341,-0.26255,0.24698,0.2827,0.35958,0.45027,0.1886,0.25258,-0.36536,-0.06027,0.16461,0.11312,0.35698,0.23098,0.045669
0.48173,-0.063217,-0.021853,0.32553,0.12797,-0.010907,-0.26826,0.22796,0.28866,0.35397,0.45793,0.19449,0.34713,-0.34038,-0.16069,0.1119,0.10832,0.3448,0.23997,0.036086
0.54503,-0.030619,-0.065218,0.28102,0.12797,-0.0032102,-0.30627,0.2233,0.29135,0.34403,0.4555,0.19981,0.41993,-0.28162,-0.2203,0.065386,0.10844,0.32978,0.24976,0.02895
0.58962,-0.00022285,-0.093989,0.23989,0.12797,-0.011316,-0.36572,0.22815,0.29024,0.3285,0.44476,0.2023,0.46531,-0.23344,-0.26722,0.016467,0.11395,0.31069,0.25901,0.025777
0.62129,0.019669,-0.12398,0.20611,0.10763,-0.013366,-0.40988,0.20889,0.28632,0.30746,0.42985,0.20135,0.48735,-0.20775,-0.32447,-0.037221,0.12179,0.28757,0.26795,0.025988
0.6464,0.030272,-0.15582,0.18665,0.080298,-0.013366,-0.43226,0.1988,0.28114,0.28263,0.41505,0.19872,0.49346,-0.19917,-0.39708,-0.086634,0.12859,0.26191,0.27667,0.027134
0.66752,0.038691,-0.18019,0.18554,0.033123,-0.013366,-0.41938,0.1988,0.27654,0.2577,0.4023,0.19586,0.49108,-0.19691,-0.47153,-0.11264,0.13296,0.23689,0.28465,0.026562
0.68411,0.056329,-0.17893,0.20334,-0.03167,-0.013366,-0.3756,0.18974,0.27382,0.23805,0.39158,0.19394,0.48568,-0.18321,-0.51237,-0.097233,0.13505,0.21683,0.29149,0.022592
0.69523,0.090808,-0.13849,0.23584,-0.093726,-0.013366,-0.27462,0.2532,0.27386,0.22865,0.38297,0.19373,0.4807,-0.14816,-0.48944,-0.047281,0.13501,0.20607,0.29718,0.016485
0.70195,0.13848,-0.071068,0.27533,-0.076391,-0.012512,-0.17421,0.35905,0.27688,0.23101,0.37766,0.19503,0.47795,-0.098383,-0.42452,0.014657,0.13151,0.20534,0.30285,0.010768
0.70657,0.18733,-0.0013734,0.31262,-0.004227,0.0049015,-0.092744,0.41108,0.28221,0.24285,0.37567,0.19904,0.47737,-0.049873,-0.35785,0.067335,0.12403,0.2112,0.30992,0.0078088
0.71018,0.22527,0.050883,0.341,0.032559,0.0049015,-0.052673,0.42166,0.28912,0.26008,0.37439,0.20853,0.47688,-0.016741,-0.31741,0.1012,0.11274,0.2186,0.31853,0.0079439
0.71,0.24589,0.082042,0.35919,0.065194,0.0049015,-0.046112,0.42166,0.29687,0.27816,0.36964,0.22578,0.47128,-0.0042656,-0.30397,0.1178,0.10178,0.2248,0.32749,0.010863
0.70081,0.24935,0.098367,0.37008,0.093324,0.0049015,-0.036493,0.42166,0.30568,0.29305,0.35874,0.25019,0.45263,-0.011479,-0.30296,0.12315,0.096524,0.23054,0.33628,0.016345
0.67701,0.2405,0.10857,0.37653,0.099133,0.0049015,-0.019053,0.42166,0.31576,0.30213,0.34298,0.27729,0.41144,-0.033198,-0.29623,0.12282,0.099159,0.2388,0.34353,0.025263
0.6358,0.22446,0.11783,0.38165,0.090624,-0.0039686,0.010706,0.42166,0.32807,0.30523,0.32676,0.30128,0.33892,-0.06518,-0.27642,0.12113,0.10718,0.25094,0.34766,0.038021
0.58087,0.20439,0.12489,0.38553,0.091502,-0.041597,0.078249,0.42166,0.34225,0.30429,0.31595,0.31861,0.23241,-0.10402,-0.25143,0.11895,0.11724,0.26547,0.34637,0.052314
0.51956,0.18218,0.12672,0.38764,0.085522,-0.10414,0.10701,0.42166,0.35727,0.30225,0.31297,0.32954,0.095175,-0.14563,-0.23132,0.116,0.12756,0.27939,0.33861,0.063093
0.45976,0.15986,0.12259,0.38465,0.10949,-0.14085,0.10916,0.41068,0.37241,0.30091,0.31579,0.33624,-0.056185,-0.18289,-0.22076,0.11087,0.13849,0.29038,0.32423,0.066351
0.40423,0.13923,0.11502,0.37415,0.14003,-0.1632,0.10916,0.38198,0.38723,0.29973,0.31981,0.34005,-0.19477,-0.20898,-0.21572,0.10231,0.15049,0.29627,0.30534,0.061945
0.3509,0.12221,0.10743,0.35527,0.14531,-0.17302,0.10916,0.38198,0.40077,0.29669,0.32264,0.34068,-0.29304,-0.2222,-0.21262,0.087993,0.16274,0.29517,0.28585,0.053525
0.29893,0.10825,0.10147,0.33095,0.14531,-0.17302,0.10916,0.38198,0.41109,0.29098,0.32562,0.33802,-0.34369,-0.22859,-0.21119,0.063872,0.17314,0.28662,0.27006,0.045765
0.25329,0.090039,0.091604,0.30521,0.14531,-0.17302,0.1164,0.38198,0.4162,0.28486,0.33237,0.33282,-0.35504,-0.2437,-0.2182,0.023835,0.17995,0.27306,0.26016,0.042128
0.21936,0.05755,0.066744,0.28026,0.14616,-0.18495,0.11703,0.38198,0.41594,0.28236,0.34438,0.32617,-0.34671,-0.28223,-0.24803,-0.03847,0.18226,0.25834,0.25688,0.043017
0.19761,0.0040218,0.019682,0.25722,0.15625,-0.19445,0.11703,0.37765,0.41317,0.28632,0.35919,0.3186,-0.33427,-0.35175,-0.30766,-0.12142,0.1808,0.24614,0.25958,0.046488
0.18313,-0.0691,-0.046499,0.23888,0.16986,-0.2303,0.11703,0.33753,0.41301,0.29527,0.37206,0.31013,-0.32119,-0.44719,-0.39071,-0.21026,0.17624,0.23774,0.26647,0.048951
0.17754,-0.14741,-0.11534,0.22967,0.18763,-0.30363,0.1123,0.25307,0.41889,0.30415,0.38041,0.3002,-0.28335,-0.54116,-0.47096,-0.27335,0.16997,0.23156,0.27637,0.047911
0.1892,-0.20971,-0.16787,0.23131,0.21137,-0.3034,0.095429,0.13629,0.42911,0.30954,0.38479,0.28812,-0.19876,-0.59807,-0.52149,-0.28724,0.16201,0.22409,0.28855,0.043766
0.23401,-0.24451,-0.19853,0.24163,0.229,-0.29047,0.081936,0.036548,0.43867,0.31295,0.38837,0.27407,-0.063341,-0.60734,-0.54594,-0.25686,0.15232,0.21154,0.30114,0.039702
0.31394,-0.26067,-0.21846,0.25629,0.27523,-0.28247,0.068363,-0.0042996,0.44293,0.31962,0.39396,0.26075,0.094026,-0.59892,-0.57628,-0.20857,0.1413,0.19199,0.31175,0.038157
0.41055,-0.2714,-0.23884,0.26833,0.30938,-0.27266,0.050132,-0.020712,0.43974,0.3333,0.40099,0.25266,0.23826,-0.59893,-0.63331,-0.16568,0.13018,0.1668,0.31877,0.038786
0.49844,-0.27828,-0.25721,0.27616,0.32095,-0.26647,0.02222,-0.012793,0.43022,0.35271,0.40623,0.25291,0.34948,-0.60877,-0.70914,-0.13408,0.1192,0.14024,0.32321,0.040868
0.56398,-0.27862,-0.26316,0.28027,0.32166,-0.24154,-0.029978,-0.0089868,0.41728,0.37311,0.40734,0.26119,0.42494,-0.62169,-0.76699,-0.11019,0.10763,0.11704,0.32859,0.044799
0.60572,-0.27386,-0.24937,0.28752,0.32502,-0.19942,-0.079375,-0.038333,0.40383,0.38962,0.40509,0.27444,0.47175,-0.63423,-0.76963,-0.085748,0.095381,0.10078,0.33916,0.052934
0.62904,-0.26733,-0.21174,0.31287,0.33843,-0.18834,-0.1264,-0.096806,0.39126,0.40047,0.40298,0.29014,0.49947,-0.65025,-0.71491,-0.042974,0.084663,0.094408,0.35599,0.065706
0.64136,-0.2622,-0.15126,0.36659,0.33735,-0.17985,-0.16753,-0.15468,0.38096,0.40625,0.40414,0.30621,0.5176,-0.67017,-0.61764,0.031003,0.079268,0.10081,0.37564,0.080118
0.64927,-0.25949,-0.078617,0.43961,0.33113,-0.17908,-0.18346,-0.15468,0.37373,0.40812,0.40852,0.32014,0.53164,-0.69436,-0.50978,0.12681,0.08288,0.12124,0.39376,0.091853
0.65686,-0.25837,-0.0089158,0.5103,0.33113,-0.16849,-0.18913,-0.1603,0.36969,0.40573,0.41292,0.3286,0.54331,-0.72041,-0.41329,0.22069,0.095609,0.15184,0.40856,0.098657
0.66611,-0.25813,0.050632,0.56376,0.33113,-0.11327,-0.25501,-0.15143,0.36783,0.39767,0.41408,0.32973,0.55264,-0.74361,-0.329,0.29676,0.11454,0.18406,0.42008,0.10029
0.67707,-0.25767,0.10017,0.59839,0.33113,-0.057161,-0.29606,-0.11658,0.36601,0.38284,0.41067,0.32508,0.55915,-0.75902,-0.24962,0.35231,0.13506,0.20974,0.42815,0.097286
0.68746,-0.25492,0.14191,0.62104,0.33113,-0.019449,-0.28399,-0.08118,0.36003,0.36287,0.40324,0.31835,0.562,-0.76479,-0.17568,0.39229,0.15322,0.22602,0.4315,0.090484
0.69314,-0.2504,0.17754,0.63893,0.33113,-0.017742,-0.29041,-0.052636,0.34586,0.34231,0.39284,0.31231,0.55877,-0.76604,-0.11276,0.42234,0.16634,0.23543,0.42809,0.080876
0.69047,-0.24659,0.206,0.65367,0.33113,-0.017742,-0.29198,-0.041323,0.32323,0.32533,0.38052,0.3077,0.54686,-0.7701,-0.067383,0.44376,0.17411,0.24198,0.41715,0.068301
0.6737,-0.24665,0.22701,0.66234,0.31662,-0.017742,-0.28203,-0.037569,0.29633,0.3118,0.36643,0.30435,0.52021,-0.78432,-0.040354,0.45481,0.17719,0.24834,0.40003,0.052933
0.63696,-0.25163,0.2424,0.66314,0.34792,-0.017742,-0.27688,-0.027705,0.27316,0.29731,0.34988,0.3016,0.47085,-0.80215,-0.025672,0.45543,0.1775,0.25313,0.38023,0.035999
0.57663,-0.26088,0.25443,0.65933,0.46914,-0.017742,-0.25456,-0.018594,0.26096,0.27832,0.33088,0.29826,0.39353,-0.81059,-0.016433,0.45074,0.17678,0.25346,0.36193,0.019158
0.49744,-0.2746,0.26363,0.65609,0.55407,-0.011262,-0.21333,0.0091998,0.26099,0.25535,0.31025,0.29285,0.29186,-0.8101,-0.0088402,0.4472,0.17566,0.24817,0.34742,0.0038619
0.41321,-0.29114,0.26928,0.65686,0.57407,-0.011262,-0.16627,0.019053,0.26806,0.23212,0.28953,0.28406,0.17936,-0.79753,-0.0031811,0.4494,0.17485,0.23909,0.33478,-0.0079152
0.34306,-0.30656,0.26974,0.66074,0.55226,-0.01231,-0.15521,0.024632,0.27476,0.21298,0.27033,0.27143,0.075565,-0.78174,-0.00063128,0.4573,0.17545,0.22853,0.3189,-0.015159
0.29774,-0.30721,0.26662,0.66217,0.547,-0.01231,-0.12559,0.047222,0.27656,0.19912,0.25383,0.25503,-0.0059615,-0.7331,-0.00046913,0.46678,0.17809,0.21685,0.2948,-0.018001
0.27267,-0.27015,0.26912,0.65688,0.53908,-0.0088605,-0.10327,0.082539,0.27198,0.19053,0.24267,0.23598,-0.070945,-0.61364,0.0047695,0.47359,0.18174,0.20195,0.26404,-0.016921
0.25663,-0.17138,0.30384,0.649,0.53294,0.065499,-0.07242,0.13393,0.26368,0.18697,0.23942,0.21664,-0.12975,-0.40982,0.041275,0.4808,0.18372,0.18107,0.23477,-0.012973
0.24376,-0.02619,0.3866,0.64803,0.53294,0.15988,-0.028385,0.23469,0.25639,0.18897,0.24473,0.20091,-0.18236,-0.18286,0.12781,0.49381,0.18213,0.15379,0.21835,-0.0081261
0.23917,0.12062,0.49491,0.65997,0.53294,0.20585,-0.012783,0.32375,0.25467,0.19594,0.25881,0.19333,-0.20633,0.0096239,0.24123,0.51423,0.17719,0.12373,0.22211,-0.0052039
0.24838,0.23777,0.59322,0.67948,0.53294,0.20585,0.042684,0.38553,0.25956,0.20564,0.28151,0.19417,-0.18571,0.14871,0.34378,0.53628,0.17154,0.09699,0.24401,-0.005028
0.27125,0.31733,0.66435,0.70061,0.53011,0.20585,0.061083,0.40215,0.27031,0.21494,0.31279,0.19944,-0.13017,0.23808,0.41772,0.5577,0.16733,0.077267,0.27552,-0.007104
0.35539,0.36655,0.71139,0.75775,0.52158,0.18552,0.082985,0.43768,0.28469,0.22201,0.35064,0.20503,0.02643,0.29047,0.46688,0.61719,0.16474,0.063697,0.30828,-0.0090447
0.35914,0.39904,0.74636,0.76373,0.51337,0.15461,0.089729,0.43768,0.29277,0.22711,0.39083,0.20737,0.038297,0.32199,0.50395,0.62613,0.16888,0.05443,0.33748,0.0022367
0.36999,0.4273,0.78235,0.77634,0.51337,0.14536,0.1858,0.43768,0.30337,0.23244,0.42989,0.20631,0.054532,0.34669,0.54182,0.64175,0.17568,0.052927,0.36337,0.017323
0.3872,0.45589,0.82389,0.79828,0.51337,0.16411,0.30525,0.43768,0.3138,0.23989,0.4664,0.20091,0.074308,0.37021,0.58361,0.66643,0.1834,0.06781,0.38896,0.032653
0.41026,0.48301,0.86639,0.82845,0.51337,0.17882,0.4006,0.43768,0.32094,0.24914,0.49961,0.19086,0.099328,0.39188,0.62334,0.69876,0.19123,0.10301,0.41589,0.045595
0.43777,0.50493,0.90317,0.86304,0.50625,0.17882,0.46245,0.43682,0.3235,0.25885,0.52819,0.17729,0.13131,0.40827,0.65439,0.73513,0.19987,0.14966,0.44232,0.054971
0.46818,0.52013,0.92981,0.89913,0.46363,0.17882,0.4687,0.42909,0.32287,0.26762,0.55084,0.16252,0.17208,0.41773,0.67393,0.77217,0.20981,0.19387,0.46522,0.060336
0.49951,0.52919,0.94549,0.9358,0.34074,0.17882,0.4687,0.41269,0.32303,0.27431,0.56734,0.14954,0.22001,0.42184,0.68333,0.80839,0.21928,0.226,0.48341,0.060499
0.53327,0.53265,0.95145,0.97305,0.19517,0.17882,0.4687,0.40286,0.32844,0.27836,0.58039,0.14174,0.27498,0.42104,0.68497,0.84273,0.22431,0.24464,0.49887,0.054039
0.57335,0.52904,0.94897,1.0096,0.097839,0.17882,0.4687,0.40286,0.34157,0.28041,0.59262,0.14188,0.33739,0.41354,0.68059,0.8739,0.22138,0.2545,0.51477,0.038736
0.62299,0.51353,0.9353,1.04,0.053157,0.19564,0.4687,0.40286,0.36032,0.28322,0.60488,0.15086,0.40673,0.39245,0.66669,0.89739,0.2098,0.26178,0.53386,0.013617
0.68149,0.48059,0.9052,1.0603,0.027001,0.2278,0.4687,0.40128,0.38021,0.29071,0.61646,0.16791,0.48004,0.35025,0.636,0.91117,0.19225,0.26956,0.55499,-0.02203
0.71783,0.42914,0.85661,0.96748,0.15651,0.22957,0.4687,0.38542,0.38628,0.30424,0.62529,0.20237,0.49649,0.28446,0.58455,0.81292,0.21284,0.27707,0.57449,-0.004003
0.71468,0.36636,0.79511,0.8408,0.14519,0.19103,0.4687,0.37371,0.37163,0.32112,0.63004,0.23109,0.43974,0.20222,0.51589,0.68361,0.22294,0.28276,0.58884,0.065268
0.6854,0.30574,0.73228,0.68996,0.074414,0.13455,0.4687,0.29403,0.3371,0.33613,0.62967,0.24801,0.33848,0.11983,0.44157,0.53115,0.22609,0.28663,0.59705,0.15892
0.52032,0.2572,0.6763,0.16137,-0.044699,0.10126,0.4687,0.057315,0.29369,0.34488,0.6241,0.25235,-0.093985,0.052531,0.37148,-0.064217,0.22727,0.29012,0.60066,0.24716
0.47313,0.21818,0.62493,0.22208,-0.044699,0.11256,0.4687,0.0589,0.28141,0.34668,0.61457,0.23945,-0.16624,3.3804e-05,0.3057,-0.0012231,0.20203,0.29436,0.60238,0.24906
0.42409,0.17749,0.56405,0.26259,-0.044699,0.12577,0.4687,0.073576,0.27262,0.34416,0.60299,0.22201,-0.21756,-0.05252,0.22996,0.035529,0.18004,0.29634,0.60355,0.23557
0.38154,0.12839,0.47798,0.28057,-0.044699,0.14026,0.4687,0.11991,0.26597,0.34092,0.59057,0.20198,-0.24628,-0.11713,0.12692,0.047959,0.16051,0.29009,0.60329,0.21249
0.35256,0.07457,0.3574,0.28602,-0.041238,0.15411,0.4632,0.17017,0.26081,0.33913,0.57726,0.18198,-0.24403,-0.1927,-0.012905,0.049986,0.1432,0.27135,0.60074,0.18683
0.33994,0.027126,0.20145,0.29141,-0.032562,0.15077,0.42477,0.26627,0.25713,0.33832,0.56336,0.16428,-0.20705,-0.26276,-0.18515,0.057729,0.12878,0.24206,0.59598,0.16395
0.34032,-0.003794,0.025141,0.30282,-0.032542,0.15924,0.30113,0.3148,0.2559,0.33757,0.55035,0.15035,-0.15101,-0.30557,-0.36027,0.077269,0.11891,0.20985,0.58995,0.14614
0.34622,-0.013129,-0.12826,0.31795,-0.031227,0.16725,0.12608,0.32465,0.25716,0.33662,0.54029,0.14021,-0.096849,-0.31008,-0.48318,0.10389,0.11411,0.18434,0.58345,0.13352
0.35071,-0.0039558,-0.20171,0.3306,-0.031227,0.16725,-0.023051,0.32626,0.25937,0.33639,0.53282,0.13367,-0.056278,-0.28188,-0.50652,0.12899,0.11364,0.17026,0.57671,0.1249
0.34989,0.016615,-0.18926,0.33483,-0.031227,0.16725,-0.093705,0.33468,0.26021,0.33651,0.52543,0.13059,-0.031035,-0.23759,-0.45815,0.14382,0.11514,0.16444,0.56869,0.11853
0.34773,0.037771,-0.13915,0.32989,-0.031227,0.16725,-0.10649,0.34306,0.25825,0.3342,0.51623,0.13077,-0.012132,-0.19536,-0.38882,0.14675,0.11653,0.15993,0.55644,0.11258
0.35176,0.050697,-0.080607,0.3182,-0.029427,0.16725,-0.099583,0.34412,0.25673,0.32468,0.50583,0.13348,0.0094542,-0.17238,-0.31596,0.13818,0.11645,0.15236,0.53678,0.10544
0.35029,0.053654,-0.014193,0.31579,-0.054999,0.16725,-0.062698,0.33892,0.25844,0.30571,0.4962,0.12998,0.01934,-0.17131,-0.2307,0.13705,0.099058,0.1425,0.50793,0.093902
0.39186,0.057688,0.083474,0.34377,0.0422,0.13238,0.026464,0.35451,0.29311,0.27998,0.48824,0.12813,0.088059,-0.17828,-0.10805,0.16621,0.091274,0.13426,0.47089,0.072522
0.46409,0.079818,0.21728,0.40117,0.3137,0.108,0.13444,0.39546,0.37263,0.25531,0.482,0.13193,0.1799,-0.16575,0.048211,0.22383,0.097578,0.13212,0.43009,0.043873
0.54958,0.12637,0.35828,0.47759,0.52085,0.075192,0.21739,0.44687,0.47983,0.2402,0.47785,0.14268,0.28317,-0.1152,0.20113,0.29882,0.12068,0.13726,0.39311,0.012838
0.6398,0.18488,0.4756,0.55268,0.64026,0.047583,0.25542,0.4907,0.58598,0.23696,0.47794,0.15906,0.39404,-0.040401,0.32133,0.37063,0.15796,0.14797,0.36688,-0.013829
0.73737,0.2364,0.55625,0.61327,0.68404,0.03038,0.25917,0.50865,0.6707,0.24092,0.48386,0.17761,0.51676,0.030986,0.40004,0.42694,0.20349,0.16243,0.35414,-0.030665
0.84233,0.26966,0.60085,0.65714,0.68404,0.012481,0.25917,0.51592,0.72862,0.24508,0.49511,0.19591,0.64232,0.081331,0.44054,0.46666,0.25214,0.18066,0.352,-0.037435
0.94305,0.28391,0.6198,0.68932,0.68393,0.027511,0.25917,0.51592,0.76405,0.24584,0.51022,0.2128,0.75096,0.10826,0.45557,0.49618,0.30027,0.20288,0.35396,-0.038595
1.0255,0.28468,0.62536,0.71525,0.68843,0.055734,0.25917,0.51592,0.78583,0.24433,0.52767,0.22805,0.82933,0.1177,0.45896,0.52048,0.34369,0.22824,0.35546,-0.038782
1.0825,0.27859,0.62627,0.73678,0.70058,0.063386,0.25917,0.51592,0.80111,0.24405,0.54768,0.24127,0.87551,0.11685,0.45933,0.54056,0.3789,0.2536,0.35632,-0.040176
1.1166,0.26819,0.62536,0.75362,0.71386,0.039741,0.25917,0.51592,0.81298,0.24826,0.57168,0.25276,0.89702,0.1086,0.45907,0.55506,0.4031,0.27603,0.3592,-0.043264
1.135,0.25362,0.62221,0.76712,0.72021,0.04832,0.25917,0.51592,0.82148,0.25764,0.59927,0.26155,0.90693,0.092485,0.45677,0.56471,0.41652,0.29337,0.36483,-0.047671
1.1453,0.23474,0.61588,0.7812,0.7233,0.04832,0.25917,0.51592,0.82654,0.27107,0.62753,0.2674,0.91267,0.068467,0.45134,0.57489,0.42224,0.30487,0.37014,-0.053112
1.1518,0.21493,0.60726,0.79948,0.72881,0.04832,0.25917,0.51592,0.82885,0.28689,0.65228,0.27022,0.9174,0.040685,0.44285,0.59138,0.42411,0.31034,0.37208,-0.059039
1.1557,0.20047,0.59776,0.82173,0.72881,0.04832,0.25917,0.51939,0.82886,0.30386,0.67075,0.27066,0.92052,0.020397,0.43222,0.61552,0.42446,0.31084,0.37175,-0.063182
1.1556,0.19456,0.58671,0.84275,0.73603,0.04832,0.25917,0.52329,0.82489,0.32135,0.68327,0.26971,0.92109,0.014124,0.41752,0.6408,0.42335,0.30737,0.37293,-0.064354
1.1495,0.18921,0.56507,0.85353,0.74992,0.04832,0.25917,0.52329,0.81205,0.33806,0.69182,0.26755,0.91699,0.014919,0.3893,0.6559,0.41968,0.29999,0.37961,-0.064382
1.1367,0.17007,0.51826,0.84697,0.75468,0.04832,0.25181,0.52329,0.78352,0.35163,0.69811,0.26336,0.90712,0.0050358,0.33143,0.65187,0.41198,0.28846,0.39072,-0.066019
1.1178,0.12735,0.43367,0.82089,0.75468,0.04832,0.21288,0.49543,0.73435,0.36024,0.70155,0.25746,0.88992,-0.031407,0.22986,0.6268,0.39937,0.27339,0.40099,-0.070984
1.0926,0.065163,0.30851,0.78078,0.74904,0.044974,0.11917,0.43361,0.66492,0.36403,0.70001,0.25119,0.86215,-0.097133,0.079689,0.58816,0.382,0.25641,0.40443,-0.078796
1.057,0.0067625,0.15767,0.73795,0.71369,0.0071904,-0.047532,0.33505,0.58379,0.36454,0.6926,0.2476,0.81557,-0.17757,-0.10405,0.55012,0.36155,0.23996,0.39823,-0.087237
1.0044,-0.017049,0.024726,0.70337,0.63741,-0.038272,-0.21179,0.20378,0.50529,0.36432,0.68125,0.24793,0.74171,-0.24353,-0.26454,0.52496,0.33938,0.22482,0.38375,-0.092061
0.93275,0.00036533,-0.048067,0.67892,0.52932,-0.069781,-0.30801,0.071597,0.44218,0.36468,0.66919,0.25137,0.64071,-0.27418,-0.34106,0.51238,0.31497,0.20953,0.36561,-0.08963
0.8496,0.037457,-0.067083,0.65875,0.42306,-0.06766,-0.28724,0.036647,0.39605,0.36501,0.65916,0.25559,0.52982,-0.27472,-0.35059,0.504,0.28886,0.19086,0.34887,-0.080166
0.77303,0.072127,-0.068743,0.63798,0.33461,-0.050994,-0.26577,-0.00097396,0.36188,0.3625,0.65072,0.25811,0.44361,-0.26382,-0.34828,0.49377,0.26297,0.16746,0.33545,-0.067897
0.7187,0.098293,-0.071867,0.61747,0.29261,-0.041587,-0.25718,0.0053392,0.3373,0.3544,0.63999,0.25686,0.40549,-0.24991,-0.35682,0.48274,0.24314,0.13955,0.32298,-0.058338
0.68705,0.11787,-0.077837,0.60029,0.26114,-0.044883,-0.25157,0.01074,0.32519,0.33963,0.62388,0.25271,0.39633,-0.23402,-0.37027,0.47464,0.23525,0.10939,0.30694,-0.05392
0.66775,0.1334,-0.084219,0.58737,0.24144,-0.037866,-0.2331,0.01074,0.32736,0.31883,0.60266,0.24866,0.39365,-0.21859,-0.38342,0.47025,0.24097,0.080065,0.28655,-0.052207
0.65159,0.14354,-0.092949,0.57611,0.21727,0.00065055,-0.21503,0.012141,0.34084,0.29504,0.57994,0.2489,0.38512,-0.21002,-0.39317,0.46609,0.25768,0.055285,0.2639,-0.047838
0.63541,0.14576,-0.10854,0.56604,0.21811,0.03884,-0.19472,0.036559,0.35989,0.27221,0.55905,0.25537,0.37269,-0.21524,-0.40674,0.4617,0.28086,0.038231,0.2416,-0.037644
0.61882,0.13996,-0.13621,0.55823,0.2192,0.099539,-0.17233,0.096911,0.38092,0.25299,0.54025,0.26608,0.35852,-0.23615,-0.43241,0.45827,0.30495,0.030691,0.22111,-0.023081
0.60117,0.12961,-0.17709,0.55351,0.21662,0.14835,-0.16612,0.16237,0.40159,0.23814,0.52231,0.27646,0.34386,-0.26831,-0.47445,0.45753,0.32476,0.031883,0.20141,-0.0074279
0.58328,0.11869,-0.22653,0.54974,0.24978,0.15751,-0.16612,0.19707,0.41886,0.22638,0.50471,0.28347,0.32935,-0.30437,-0.52854,0.4583,0.33731,0.037945,0.18291,0.0074178
0.56688,0.10772,-0.2751,0.54486,0.24217,0.15751,-0.16612,0.20078,0.43056,0.21574,0.49054,0.28664,0.31599,-0.33938,-0.58506,0.45816,0.34128,0.043704,0.16507,0.021445
0.55252,0.092311,-0.31624,0.53787,0.24217,0.15751,-0.18009,0.21131,0.43781,0.20437,0.48338,0.28796,0.30395,-0.37498,-0.6383,0.45435,0.33749,0.044298,0.14875,0.034986
0.53707,0.064674,-0.35032,0.52711,0.24179,0.15751,-0.21308,0.21517,0.44413,0.19143,0.48398,0.28828,0.29181,-0.41705,-0.69364,0.44351,0.32733,0.036576,0.13424,0.048689
0.51415,0.019474,-0.37972,0.51104,0.2316,0.15751,-0.21961,0.21517,0.45228,0.17586,0.48961,0.28722,0.27583,-0.46939,-0.75866,0.423,0.31323,0.020588,0.12083,0.063786
0.47755,-0.042537,-0.40317,0.48939,0.22611,0.15751,-0.22422,0.21517,0.46053,0.15684,0.4967,0.2843,0.25229,-0.52816,-0.82571,0.39277,0.29925,-0.00087973,0.10862,0.082536
0.42454,-0.11114,-0.4147,0.46375,0.22611,0.15751,-0.22422,0.21517,0.46381,0.13445,0.50307,0.28045,0.21731,-0.5789,-0.86353,0.35626,0.29003,-0.022759,0.097797,0.10739
0.35955,-0.1702,-0.4074,0.43783,0.22611,0.15751,-0.22422,0.21517,0.45757,0.11098,0.50868,0.27851,0.17037,-0.61052,-0.83885,0.31887,0.28973,-0.040007,0.089915,0.13785
0.29324,-0.20561,-0.3791,0.41331,0.22611,0.15751,-0.21221,0.21517,0.44082,0.0896,0.51382,0.28132,0.11627,-0.61572,-0.76029,0.28399,0.29897,-0.047715,0.08756,0.17114
0.24194,-0.21528,-0.33625,0.38943,0.22611,0.16458,-0.16018,0.21517,0.41538,0.071909,0.51737,0.28924,0.069067,-0.59786,-0.66583,0.24979,0.31337,-0.04252,0.093576,0.20299
0.22066,-0.2094,-0.28998,0.36351,0.22611,0.16458,-0.14029,0.23574,0.38493,0.057544,0.51675,0.2992,0.050952,-0.56615,-0.58192,0.21166,0.32605,-0.02392,0.10789,0.22978
0.23478,-0.20042,-0.25158,0.33375,0.22611,0.14523,-0.16262,0.25029,0.35464,0.042731,0.51042,0.3074,0.076666,-0.53165,-0.52239,0.16501,0.33144,0.0045665,0.1288,0.24917
0.27396,-0.1974,-0.22712,0.30108,0.22611,0.10919,-0.18256,0.26937,0.32952,0.023516,0.50007,0.31195,0.13411,-0.50412,-0.48724,0.10857,0.32837,0.034288,0.15279,0.26127
0.32661,-0.20341,-0.21519,0.27112,0.22258,0.085787,-0.20598,0.27481,0.31382,-0.0020994,0.48936,0.31391,0.19639,-0.49094,-0.47051,0.047157,0.32012,0.057048,0.17629,0.26826
0.39232,-0.21652,-0.20917,0.25914,0.2339,0.085787,-0.229,0.27481,0.30908,-0.032674,0.48108,0.31623,0.25156,-0.49213,-0.46155,-0.0035703,0.31255,0.069266,0.19576,0.27311
0.47145,-0.23042,-0.20067,0.28202,0.26958,0.05073,-0.26163,0.29336,0.31463,-0.063304,0.47615,0.32155,0.29698,-0.50204,-0.44959,-0.023476,0.31043,0.072187,0.20954,0.27775
0.55722,-0.23576,-0.18367,0.3391,0.27362,-0.016343,-0.26008,0.30881,0.32638,-0.088743,0.47476,0.32934,0.33603,-0.50814,-0.4276,-0.010298,0.31633,0.070352,0.2188,0.28299
0.63619,-0.22538,-0.15994,0.41237,0.25763,-0.085773,-0.17691,0.30688,0.33838,-0.10696,0.47736,0.33847,0.37123,-0.49664,-0.39937,0.024212,0.33067,0.068528,0.22667,0.28985
0.69827,-0.19752,-0.13603,0.48085,0.24227,-0.13412,-0.15446,0.30299,0.34663,-0.12106,0.4829,0.34877,0.40021,-0.46102,-0.37301,0.063499,0.35331,0.070084,0.2345,0.30039
0.74018,-0.15947,-0.11971,0.53394,0.22605,-0.13889,-0.15243,0.2944,0.35172,-0.13534,0.48733,0.36102,0.41877,-0.40794,-0.35542,0.10044,0.38226,0.076427,0.2411,0.3147
0.76587,-0.12172,-0.11532,0.57069,0.21238,-0.13497,-0.14897,0.28707,0.35909,-0.1504,0.48592,0.37475,0.42669,-0.35398,-0.35074,0.13508,0.41348,0.087552,0.24399,0.32853
0.78152,-0.089772,-0.11756,0.59637,0.19697,-0.13497,-0.14897,0.30183,0.37522,-0.16206,0.47542,0.38807,0.42732,-0.30769,-0.35858,0.1703,0.44171,0.10166,0.24231,0.33529
0.79193,-0.055767,-0.10188,0.61885,0.19638,-0.13588,-0.14897,0.35452,0.40104,-0.16377,0.45559,0.39893,0.42475,-0.26377,-0.35571,0.21347,0.46383,0.11563,0.23764,0.33141
0.79994,0.0048612,-0.01787,0.64893,0.19739,-0.14319,-0.097813,0.38427,0.43121,-0.14936,0.4287,0.40654,0.42261,-0.19812,-0.28239,0.27735,0.47889,0.12626,0.23203,0.31824
0.80768,0.10346,0.13842,0.69146,0.21512,-0.16065,-0.029904,0.41731,0.45827,-0.11599,0.39836,0.41147,0.41916,-0.096817,-0.12092,0.36421,0.48855,0.13177,0.22635,0.30088
0.81631,0.21901,0.31178,0.74267,0.24233,-0.19462,0.016153,0.43882,0.47776,-0.068422,0.36898,0.41454,0.4112,0.020975,0.066778,0.46009,0.49462,0.13166,0.21911,0.28485
0.82518,0.3217,0.45522,0.79047,0.2722,-0.22311,0.061825,0.44663,0.4888,-0.016768,0.3436,0.41629,0.39504,0.12688,0.22411,0.54447,0.49765,0.12689,0.20731,0.2729
0.83252,0.3949,0.55403,0.82454,0.28721,-0.25174,0.082415,0.44504,0.49324,0.028979,0.32277,0.41778,0.37067,0.2031,0.33326,0.60346,0.4975,0.12013,0.18992,0.26402
0.83586,0.43718,0.61137,0.84281,0.28224,-0.24126,0.083858,0.43727,0.49299,0.062564,0.30615,0.4202,0.34558,0.24777,0.39703,0.63577,0.49447,0.11535,0.16797,0.25546
0.83046,0.45669,0.63906,0.84883,0.27745,-0.21768,0.084279,0.42424,0.48981,0.082288,0.29438,0.42397,0.32294,0.26833,0.42733,0.64715,0.48989,0.11537,0.14512,0.24512
0.81174,0.46445,0.65022,0.84788,0.27593,-0.17895,0.084279,0.40927,0.48396,0.089785,0.28861,0.42792,0.30084,0.27548,0.43842,0.64652,0.48577,0.11994,0.12468,0.23227
0.7783,0.46834,0.65464,0.84244,0.25637,-0.17199,0.084279,0.40023,0.47548,0.088756,0.28531,0.43048,0.27479,0.27732,0.4414,0.6415,0.48316,0.12615,0.10918,0.21791
0.73513,0.47105,0.65704,0.8334,0.18021,-0.14993,0.084279,0.40023,0.46409,0.083548,0.27722,0.42955,0.24587,0.27612,0.44215,0.63659,0.48196,0.13078,0.098448,0.20179
0.6931,0.47282,0.66075,0.82492,0.10356,-0.14951,0.084006,0.39169,0.4497,0.077379,0.25839,0.42363,0.22626,0.27275,0.44523,0.63887,0.4799,0.13155,0.093226,0.18042
0.66383,0.47462,0.66832,0.82339,0.067958,-0.15332,0.062942,0.37955,0.43171,0.074458,0.22877,0.4128,0.23017,0.26827,0.45388,0.65337,0.47384,0.12707,0.096483,0.14908
0.65006,0.47719,0.68013,0.83173,0.080313,-0.16239,0.062942,0.36017,0.4089,0.077058,0.19525,0.39944,0.25696,0.26434,0.46781,0.6784,0.46135,0.11712,0.10872,0.10719
0.6445,0.47963,0.6929,0.84565,0.10327,-0.16239,0.062942,0.33665,0.38035,0.086078,0.1681,0.38777,0.28952,0.26073,0.48317,0.70466,0.44243,0.10324,0.12689,0.06147
0.63855,0.47761,0.70045,0.85594,0.1027,-0.16239,0.071989,0.33583,0.34761,0.099485,0.15533,0.38063,0.31214,0.25453,0.49316,0.72033,0.41728,0.089314,0.14486,0.02319
0.62789,0.46114,0.6926,0.85318,0.098608,-0.16239,0.077792,0.34803,0.31551,0.11234,0.15973,0.37762,0.31796,0.23556,0.48705,0.7155,0.38677,0.078988,0.15794,-0.00061983
0.61227,0.4185,0.65938,0.833,0.089509,-0.16846,0.085239,0.33503,0.2909,0.11924,0.178,0.37562,0.31236,0.19031,0.45367,0.6859,0.35234,0.07232,0.16546,-0.012897
0.59459,0.34214,0.59485,0.79749,0.089509,-0.18364,0.098054,0.31351,0.2781,0.11762,0.20409,0.37189,0.30428,0.10819,0.38475,0.63243,0.31978,0.0657,0.17034,-0.023314
0.60257,0.23678,0.50561,0.77694,0.10861,-0.22621,0.086529,0.30485,0.27581,0.10961,0.23356,0.36341,0.32421,-0.012551,0.2796,0.57573,0.29971,0.05554,0.17807,-0.036477
0.58569,0.1303,0.41861,0.75467,0.098911,-0.2531,0.054348,0.27222,0.27787,0.10088,0.26563,0.36271,0.32466,-0.14425,0.16216,0.53149,0.29047,0.04192,0.19373,-0.051453
0.56591,0.093351,0.40282,0.74291,0.062262,-0.2091,0.052883,0.26539,0.27616,0.097862,0.30275,0.3588,0.31943,-0.2025,0.11478,0.50067,0.2913,0.035001,0.22044,-0.064125
0.54936,0.18651,0.50123,0.74177,0.033775,-0.15865,0.052883,0.26539,0.26488,0.10509,0.34786,0.35036,0.31116,-0.094516,0.21877,0.49063,0.29961,0.054821,0.25642,-0.0711
0.54064,0.37217,0.66558,0.74431,0.021071,-0.043181,0.052883,0.26539,0.24244,0.1283,0.40007,0.33788,0.3073,0.13235,0.41016,0.49742,0.30998,0.12486,0.30596,-0.070098
0.53984,0.60178,0.84277,0.74664,0.021071,0.082976,0.055719,0.26539,0.21219,0.17169,0.45678,0.32396,0.31378,0.40531,0.6162,0.51517,0.31706,0.24688,0.37943,-0.063583
0.54272,0.83364,1.0159,0.74899,0.018167,0.17006,0.0559,0.26539,0.18189,0.23535,0.51346,0.31209,0.32832,0.67989,0.81455,0.5393,0.31552,0.38919,0.4762,-0.055256
0.54245,1.0328,1.1772,0.74971,0.017827,0.18629,0.035572,0.26539,0.15964,0.31077,0.56569,0.3052,0.33941,0.9078,1.0013,0.55687,0.30153,0.519,0.57884,-0.047206
0.53419,1.1814,1.3164,0.74152,0.0030115,0.1987,-0.012054,0.26539,0.15052,0.38531,0.6101,0.30455,0.33515,1.0736,1.1634,0.55024,0.27414,0.62145,0.66651,-0.037824
0.51643,1.278,1.4236,0.71755,0.0030115,0.21749,-0.06051,0.24948,0.15526,0.44994,0.64488,0.30869,0.30692,1.1799,1.2881,0.50365,0.23729,0.69622,0.72818,-0.023946
0.49818,1.3309,1.4953,0.67829,-0.021604,0.22209,-0.084763,0.22637,0.17135,0.50016,0.67036,0.31171,0.26045,1.2373,1.3718,0.41011,0.19898,0.7507,0.76539,-0.0055937
0,0,0,0,0,0,0,0,0,0,0,0,0,0,0,0,0,0,0,0
0,0,0,0,0,0,0,0,0,0,0,0,0,0,0,0,0,0,0,0
0,0,0,0,0,0,0,0,0,0,0,0,0,0,0,0,0,0,0,0
0,0,0,0,0,0,0,0,0,0,0,0,0,0,0,0,0,0,0,0
0,0,0,0,0,0,0,0,0,0,0,0,0,0,0,0,0,0,0,0
0,0,0,0,0,0,0,0,0,0,0,0,0,0,0,0,0,0,0,0
0,0,0,0,0,0,0,0,0,0,0,0,0,0,0,0,0,0,0,0
0,0,0,0,0,0,0,0,0,0,0,0,0,0,0,0,0,0,0,0
0,0,0,0,0,0,0,0,0,0,0,0,0,0,0,0,0,0,0,0
0,0,0,0,0,0,0,0,0,0,0,0,0,0,0,0,0,0,0,0
0,0,0,0,0,0,0,0,0,0,0,0,0,0,0,0,0,0,0,0
0,0,0,0,0,0,0,0,0,0,0,0,0,0,0,0,0,0,0,0
0,0,0,0,0,0,0,0,0,0,0,0,0,0,0,0,0,0,0,0
0,0,0,0,0,0,0,0,0,0,0,0,0,0,0,0,0,0,0,0
0,0,0,0,0,0,0,0,0,0,0,0,0,0,0,0,0,0,0,0
0,0,0,0,0,0,0,0,0,0,0,0,0,0,0,0,0,0,0,0
2.201,0.43225,0.38634,1.9569,0.61865,0.12795,0.37246,0.24943,0.62458,0.5036,0.71427,0.24453,2.0834,0.15624,0.27591,1.8592,0.69739,0.5154,0.41177,0.14482
2.1759,0.46063,0.2975,1.9461,0.62265,0.11386,0.38234,0.34666,0.65428,0.48031,0.69368,0.23184,2.0599,0.2102,0.17801,1.8473,0.7,0.47006,0.36312,0.11692
2.1278,0.47909,0.27318,1.9137,0.62389,0.076694,0.38014,0.41336,0.67041,0.45059,0.661,0.21999,2.0123,0.25195,0.15201,1.814,0.69647,0.43667,0.30784,0.098052
2.0708,0.49178,0.28331,1.8725,0.62659,0.049007,0.37099,0.45355,0.66876,0.40889,0.61737,0.20732,1.955,0.28645,0.15414,1.772,0.68853,0.41525,0.25348,0.084009
2.0153,0.50401,0.30391,1.8313,0.62945,0.026699,0.31569,0.47369,0.65325,0.35618,0.56971,0.19494,1.8989,0.31939,0.16209,1.7304,0.67519,0.40006,0.20878,0.071357
1.9654,0.51725,0.32903,1.7929,0.66804,-0.0074059,0.22442,0.50437,0.63538,0.30373,0.52885,0.19257,1.8483,0.34854,0.17199,1.6918,0.65563,0.38504,0.17714,0.060354
1.9227,0.52971,0.35246,1.7589,0.70977,-0.03288,0.14564,0.53714,0.61295,0.26799,0.5055,0.19047,1.8045,0.37058,0.17827,1.6575,0.63,0.36793,0.15971,0.04735
1.8905,0.54044,0.37162,1.7345,0.81598,-0.023472,0.16561,0.59946,0.59591,0.25934,0.50902,0.19999,1.7694,0.3857,0.17882,1.6302,0.60272,0.34831,0.16932,0.035705
1.8783,0.5495,0.38653,1.7321,0.95061,0.0043999,0.20768,0.83251,0.58805,0.27616,0.54202,0.22299,1.7497,0.39667,0.17737,1.6191,0.5778,0.32629,0.22345,0.02651
1.8916,0.55607,0.3975,1.7586,1.1344,0.050275,0.24693,1.0931,0.589,0.30981,0.59484,0.2529,1.7518,0.40556,0.17748,1.6311,0.55729,0.30214,0.3168,0.021244
1.9228,0.55718,0.4047,1.8037,1.2697,0.075414,0.25475,1.2505,0.59518,0.35222,0.64973,0.28318,1.7719,0.41108,0.18168,1.6606,0.54091,0.27795,0.4205,0.021696
0,0,0,0,0,0,0,0,0,0,0,0,0,0,0,0,0,0,0,0
0,0,0,0,0,0,0,0,0,0,0,0,0,0,0,0,0,0,0,0
0,0,0,0,0,0,0,0,0,0,0,0,0,0,0,0,0,0,0,0
0,0,0,0,0,0,0,0,0,0,0,0,0,0,0,0,0,0,0,0
0,0,0,0,0,0,0,0,0,0,0,0,0,0,0,0,0,0,0,0
0,0,0,0,0,0,0,0,0,0,0,0,0,0,0,0,0,0,0,0
0,0,0,0,0,0,0,0,0,0,0,0,0,0,0,0,0,0,0,0
0,0,0,0,0,0,0,0,0,0,0,0,0,0,0,0,0,0,0,0
0,0,0,0,0,0,0,0,0,0,0,0,0,0,0,0,0,0,0,0
0,0,0,0,0,0,0,0,0,0,0,0,0,0,0,0,0,0,0,0
0,0,0,0,0,0,0,0,0,0,0,0,0,0,0,0,0,0,0,0
0,0,0,0,0,0,0,0,0,0,0,0,0,0,0,0,0,0,0,0
0,0,0,0,0,0,0,0,0,0,0,0,0,0,0,0,0,0,0,0
0,0,0,0,0,0,0,0,0,0,0,0,0,0,0,0,0,0,0,0
0,0,0,0,0,0,0,0,0,0,0,0,0,0,0,0,0,0,0,0
0,0,0,0,0,0,0,0,0,0,0,0,0,0,0,0,0,0,0,0
0,0,0,0,0,0,0,0,0,0,0,0,0,0,0,0,0,0,0,0
0,0,0,0,0,0,0,0,0,0,0,0,0,0,0,0,0,0,0,0
0,0,0,0,0,0,0,0,0,0,0,0,0,0,0,0,0,0,0,0
0,0,0,0,0,0,0,0,0,0,0,0,0,0,0,0,0,0,0,0
0,0,0,0,0,0,0,0,0,0,0,0,0,0,0,0,0,0,0,0
0,0,0,0,0,0,0,0,0,0,0,0,0,0,0,0,0,0,0,0
0,0,0,0,0,0,0,0,0,0,0,0,0,0,0,0,0,0,0,0
0,0,0,0,0,0,0,0,0,0,0,0,0,0,0,0,0,0,0,0
0,0,0,0,0,0,0,0,0,0,0,0,0,0,0,0,0,0,0,0
0,0,0,0,0,0,0,0,0,0,0,0,0,0,0,0,0,0,0,0
0,0,0,0,0,0,0,0,0,0,0,0,0,0,0,0,0,0,0,0
0,0,0,0,0,0,0,0,0,0,0,0,0,0,0,0,0,0,0,0
0,0,0,0,0,0,0,0,0,0,0,0,0,0,0,0,0,0,0,0
0,0,0,0,0,0,0,0,0,0,0,0,0,0,0,0,0,0,0,0
0,0,0,0,0,0,0,0,0,0,0,0,0,0,0,0,0,0,0,0
0,0,0,0,0,0,0,0,0,0,0,0,0,0,0,0,0,0,0,0
0,0,0,0,0,0,0,0,0,0,0,0,0,0,0,0,0,0,0,0
0,0,0,0,0,0,0,0,0,0,0,0,0,0,0,0,0,0,0,0
0,0,0,0,0,0,0,0,0,0,0,0,0,0,0,0,0,0,0,0
0,0,0,0,0,0,0,0,0,0,0,0,0,0,0,0,0,0,0,0
0,0,0,0,0,0,0,0,0,0,0,0,0,0,0,0,0,0,0,0
0,0,0,0,0,0,0,0,0,0,0,0,0,0,0,0,0,0,0,0
0,0,0,0,0,0,0,0,0,0,0,0,0,0,0,0,0,0,0,0
0,0,0,0,0,0,0,0,0,0,0,0,0,0,0,0,0,0,0,0
0,0,0,0,0,0,0,0,0,0,0,0,0,0,0,0,0,0,0,0
0,0,0,0,0,0,0,0,0,0,0,0,0,0,0,0,0,0,0,0
0,0,0,0,0,0,0,0,0,0,0,0,0,0,0,0,0,0,0,0
0,0,0,0,0,0,0,0,0,0,0,0,0,0,0,0,0,0,0,0
0,0,0,0,0,0,0,0,0,0,0,0,0,0,0,0,0,0,0,0
0,0,0,0,0,0,0,0,0,0,0,0,0,0,0,0,0,0,0,0
0,0,0,0,0,0,0,0,0,0,0,0,0,0,0,0,0,0,0,0
2.332,1.187,0.92245,2.1156,0.32376,0.11736,0.26152,0.36543,0.8513,0.52511,1.087,0.58082,2.3062,1.1422,0.80131,2.0806,0.63624,0.92919,0.96813,0.5886
2.2561,1.1809,0.89079,2.0525,0.3693,0.15679,0.27556,0.3795,0.83023,0.45153,1.0156,0.58338,2.2286,1.1354,0.76389,2.0149,0.65436,0.82739,0.90332,0.58189
2.1854,1.1615,0.86109,1.9926,0.40125,0.15479,0.28556,0.41852,0.80478,0.35745,0.93334,0.59155,2.1563,1.114,0.72352,1.9517,0.66799,0.69405,0.83662,0.57081
2.1237,1.1368,0.85521,1.9413,0.42494,0.13118,0.26464,0.4491,0.78141,0.2517,0.84562,0.60162,2.093,1.0858,0.70672,1.8961,0.67482,0.54333,0.77415,0.56251
2.0695,1.1164,0.87975,1.8976,0.44111,0.10569,0.19861,0.48222,0.76443,0.14662,0.75799,0.60831,2.0377,1.0614,0.72666,1.8479,0.67321,0.39549,0.71646,0.55889
2.0214,1.1058,0.9196,1.8595,0.45561,0.1047,0.12796,0.49468,0.75903,0.053882,0.67302,0.60896,1.9888,1.0473,0.7677,1.8058,0.66537,0.25867,0.65597,0.55777
1.9785,1.1013,0.95637,1.8248,0.45733,0.11185,0.09494,0.49468,0.76463,-0.024105,0.58722,0.60345,1.9453,1.0404,0.80794,1.768,0.65539,0.12023,0.57931,0.55463
1.9399,1.0961,0.98076,1.7921,0.45733,0.10826,0.085597,0.49468,0.77534,-0.094415,0.49038,0.59296,1.9059,1.0335,0.83536,1.7335,0.64723,-0.039323,0.47223,0.54726
1.905,1.0844,0.99203,1.761,0.45733,0.10199,0.10357,0.49597,0.78429,-0.16541,0.37676,0.57992,1.8701,1.0204,0.84776,1.7014,0.64209,-0.21711,0.32857,0.53695
1.8735,1.0634,0.99296,1.7314,0.45733,0.074127,0.10345,0.51363,0.78736,-0.24042,0.25725,0.56748,1.8375,0.99773,0.848,1.6711,0.63925,-0.39423,0.16028,0.52663
1.8451,1.031,0.98885,1.7041,0.45733,0.069509,0.096696,0.52459,0.78429,-0.31656,0.16622,0.55793,1.8077,0.96302,0.84232,1.6428,0.63844,-0.53176,0.011628,0.51823
1.819,0.98501,0.98608,1.617,0.45733,0.054758,0.094185,0.49462,0.77711,-0.37697,0.13591,0.53643,1.7806,0.91125,0.83927,1.5461,0.64018,-0.61358,-0.062616,0.50898
1.6682,0.92843,0.98961,1.4831,0.44244,0.044091,0.094937,0.57882,0.75997,-0.41541,0.15507,0.53072,1.6229,0.84431,0.84426,1.3932,0.64693,-0.64888,-0.064962,0.49729
1.4634,0.87183,0.99702,1.3056,0.44047,0.04976,0.09769,0.6178,0.74048,-0.43353,0.18465,0.53428,1.4027,0.77363,0.85435,1.1795,0.65389,-0.65932,-0.043028,0.48052
1.2255,0.82541,1.0004,1.1128,0.44047,0.052567,0.09769,0.62004,0.72086,-0.4376,0.20313,0.54015,1.1336,0.71271,0.86196,0.92259,0.65622,-0.65317,-0.022585,0.45832
1.0143,0.78717,0.99434,0.96335,0.44047,0.050532,0.099664,0.62004,0.70493,-0.43475,0.21193,0.54452,0.87754,0.66479,0.86049,0.69567,0.65055,-0.63532,-0.0063973,0.43312
0.88817,0.74457,0.9762,0.88968,0.44047,0.041064,0.099664,0.62004,0.69585,-0.42828,0.21421,0.54586,0.71836,0.61618,0.84918,0.58242,0.63705,-0.61133,0.0080036,0.40825
0.83077,0.68975,0.94395,0.85521,0.42395,0.023615,0.097048,0.62004,0.69307,-0.42209,0.21266,0.54399,0.65296,0.55712,0.82537,0.55221,0.61976,-0.5872,0.020034,0.38396
0.79599,0.62754,0.89593,0.81721,0.37464,-0.052896,0.063178,0.62004,0.69239,-0.42072,0.20902,0.53855,0.62255,0.49297,0.78568,0.53313,0.60361,-0.56818,0.029134,0.35648
0.77273,0.57186,0.83356,0.76696,0.28969,-0.12633,0.021865,0.62004,0.68994,-0.42502,0.20533,0.53128,0.60415,0.43838,0.73003,0.50506,0.59278,-0.5559,0.037579,0.32373
0.75286,0.53347,0.76317,0.7063,0.27207,-0.20021,-0.045031,0.61681,0.68096,-0.43455,0.20716,0.52553,0.58751,0.4041,0.66383,0.46453,0.58773,-0.54894,0.051223,0.28682
0.74965,0.51394,0.69776,0.66729,0.22847,-0.29269,-0.014502,0.59692,0.6699,-0.44629,0.22396,0.52418,0.58323,0.38807,0.59986,0.43754,0.59009,-0.54167,0.082311,0.26395
0.74668,0.50833,0.65217,0.63694,0.19461,-0.26714,0.047912,0.57922,0.64989,-0.45364,0.265,0.52894,0.58,0.38333,0.55238,0.41041,0.59261,-0.52347,0.15388,0.24488
0.74122,0.50925,0.63494,0.62154,0.17907,-0.17899,0.095886,0.57,0.625,-0.44707,0.33418,0.5392,0.57817,0.38197,0.52945,0.39078,0.59355,-0.47972,0.294,0.23037
0.72832,0.51112,0.64532,0.6178,0.17907,0.010471,0.14645,0.56803,0.60163,-0.40372,0.42273,0.55227,0.57187,0.38245,0.52553,0.3829,0.59262,-0.39203,0.48689,0.21592
0.7036,0.52423,0.676,0.61229,0.17907,0.23608,0.15918,0.56803,0.5847,-0.30863,0.51864,0.5652,0.55587,0.40054,0.52963,0.38065,0.58894,-0.26059,0.68654,0.19558
0.66542,0.5745,0.71684,0.59064,0.17907,0.36795,0.1813,0.55491,0.57523,-0.17334,0.61235,0.57597,0.525,0.47062,0.53837,0.368,0.57976,-0.103,0.85794,0.16652
0.61751,0.66571,0.76169,0.5427,0.17907,0.39918,0.21317,0.53506,0.57229,-0.026309,0.69806,0.5835,0.4812,0.58849,0.55392,0.33439,0.56176,0.05418,0.98856,0.12827
0.5696,0.7698,0.81445,0.46693,0.17907,0.39918,0.28561,0.48171,0.5747,0.10863,0.77338,0.58799,0.43624,0.71364,0.59984,0.27609,0.53536,0.19144,1.0799,0.086229
0.53306,0.85706,0.87878,0.37285,0.16348,0.39918,0.32806,0.35288,0.58003,0.22331,0.83625,0.58962,0.40529,0.81373,0.68327,0.19989,0.50643,0.30326,1.1401,0.044575
0.51332,0.91779,0.94752,0.27924,0.11975,0.39918,0.34171,0.14556,0.58407,0.31749,0.88617,0.58765,0.39849,0.88124,0.78183,0.12675,0.48587,0.39188,1.1791,0.008812
0,0,0,0,0,0,0,0,0,0,0,0,0,0,0,0,0,0,0,0
0,0,0,0,0,0,0,0,0,0,0,0,0,0,0,0,0,0,0,0
0,0,0,0,0,0,0,0,0,0,0,0,0,0,0,0,0,0,0,0
0,0,0,0,0,0,0,0,0,0,0,0,0,0,0,0,0,0,0,0
0,0,0,0,0,0,0,0,0,0,0,0,0,0,0,0,0,0,0,0
0,0,0,0,0,0,0,0,0,0,0,0,0,0,0,0,0,0,0,0
0,0,0,0,0,0,0,0,0,0,0,0,0,0,0,0,0,0,0,0
0,0,0,0,0,0,0,0,0,0,0,0,0,0,0,0,0,0,0,0
0,0,0,0,0,0,0,0,0,0,0,0,0,0,0,0,0,0,0,0
0,0,0,0,0,0,0,0,0,0,0,0,0,0,0,0,0,0,0,0
0,0,0,0,0,0,0,0,0,0,0,0,0,0,0,0,0,0,0,0
0,0,0,0,0,0,0,0,0,0,0,0,0,0,0,0,0,0,0,0
0,0,0,0,0,0,0,0,0,0,0,0,0,0,0,0,0,0,0,0
0,0,0,0,0,0,0,0,0,0,0,0,0,0,0,0,0,0,0,0
0,0,0,0,0,0,0,0,0,0,0,0,0,0,0,0,0,0,0,0
0,0,0,0,0,0,0,0,0,0,0,0,0,0,0,0,0,0,0,0
0,0,0,0,0,0,0,0,0,0,0,0,0,0,0,0,0,0,0,0
0,0,0,0,0,0,0,0,0,0,0,0,0,0,0,0,0,0,0,0
0,0,0,0,0,0,0,0,0,0,0,0,0,0,0,0,0,0,0,0
0,0,0,0,0,0,0,0,0,0,0,0,0,0,0,0,0,0,0,0
0,0,0,0,0,0,0,0,0,0,0,0,0,0,0,0,0,0,0,0
0,0,0,0,0,0,0,0,0,0,0,0,0,0,0,0,0,0,0,0
0,0,0,0,0,0,0,0,0,0,0,0,0,0,0,0,0,0,0,0
0,0,0,0,0,0,0,0,0,0,0,0,0,0,0,0,0,0,0,0
0,0,0,0,0,0,0,0,0,0,0,0,0,0,0,0,0,0,0,0
0,0,0,0,0,0,0,0,0,0,0,0,0,0,0,0,0,0,0,0
0,0,0,0,0,0,0,0,0,0,0,0,0,0,0,0,0,0,0,0
0,0,0,0,0,0,0,0,0,0,0,0,0,0,0,0,0,0,0,0
0,0,0,0,0,0,0,0,0,0,0,0,0,0,0,0,0,0,0,0
0,0,0,0,0,0,0,0,0,0,0,0,0,0,0,0,0,0,0,0
0,0,0,0,0,0,0,0,0,0,0,0,0,0,0,0,0,0,0,0
0,0,0,0,0,0,0,0,0,0,0,0,0,0,0,0,0,0,0,0
0,0,0,0,0,0,0,0,0,0,0,0,0,0,0,0,0,0,0,0
1.0153,0.87251,0.58093,1.6331,0.038436,-0.071563,0.020641,0.1942,0.52756,-0.11486,0.61848,0.69282,0.78354,0.78565,0.52141,1.5854,0.4472,0.010594,0.38372,0.5948
1.0098,0.8569,0.58224,1.5909,0.064589,-0.086229,-0.004885,0.1942,0.52799,-0.24698,0.45623,0.68845,0.74073,0.76904,0.52023,1.541,0.45836,-0.20018,0.24351,0.57985
1.0098,0.83924,0.59115,1.5909,0.064589,-0.096627,-0.025348,0.1942,0.52799,-0.38191,0.28097,0.68845,0.74073,0.74944,0.52553,1.541,0.45836,-0.419,0.087735,0.57985
1.0098,0.8135,0.60245,1.5909,0.064589,-0.074624,-0.049889,0.1942,0.52799,-0.46544,0.1614,0.68845,0.74073,0.71892,0.52755,1.541,0.45836,-0.57532,-0.078616,0.57985
1.0098,0.77739,0.60907,1.5909,0.064589,0.0087393,0.093113,0.1942,0.52799,-0.39243,0.23379,0.68845,0.74073,0.67469,0.51729,1.541,0.45836,-0.54242,-0.19499,0.57985
1.0098,0.7373,0.62436,1.5909,0.064589,0.18874,0.22496,0.1942,0.52799,-0.16669,0.45613,0.68845,0.74073,0.62466,0.50658,1.541,0.45836,-0.32296,-0.17335,0.57985
1.0098,0.70951,0.67629,1.5909,0.064589,0.42098,0.29439,0.1942,0.52799,0.088025,0.67709,0.68845,0.74073,0.59098,0.53131,1.541,0.45836,-0.070264,-0.028483,0.57985
1.0098,0.70985,0.76438,1.3141,0.064589,0.54643,0.34182,0.17175,0.52799,0.30011,0.84452,0.69687,0.74073,0.59455,0.60848,1.2551,0.45836,0.13899,0.15881,0.58512
1.0098,0.73703,0.85403,0.98038,0.064589,0.58141,0.35509,0.15236,0.52799,0.45724,0.95898,0.71101,0.74073,0.63345,0.69473,0.88969,0.45836,0.29142,0.33974,0.58335
1.0098,0.77105,0.91965,0.67626,0.064589,0.58141,0.35509,0.12222,0.52799,0.56625,1.0326,0.72685,0.74073,0.6794,0.76056,0.5063,0.45836,0.39565,0.49725,0.57015
1.0098,0.79244,0.95917,0.50115,0.064589,0.58141,0.35619,0.038525,0.52799,0.63966,1.0802,0.73708,0.74073,0.70812,0.8022,0.22606,0.45836,0.46658,0.62493,0.54472
1.0098,0.79433,0.98108,0.40018,0.064589,0.58141,0.35619,-0.0061223,0.52799,0.69107,1.1147,0.73441,0.74073,0.71247,0.82781,0.030599,0.45836,0.51838,0.72455,0.51002
0,0,0,0,0,0,0,0,0,0,0,0,0,0,0,0,0,0,0,0
0,0,0,0,0,0,0,0,0,0,0,0,0,0,0,0,0,0,0,0
0,0,0,0,0,0,0,0,0,0,0,0,0,0,0,0,0,0,0,0
0,0,0,0,0,0,0,0,0,0,0,0,0,0,0,0,0,0,0,0
0,0,0,0,0,0,0,0,0,0,0,0,0,0,0,0,0,0,0,0
0,0,0,0,0,0,0,0,0,0,0,0,0,0,0,0,0,0,0,0
0,0,0,0,0,0,0,0,0,0,0,0,0,0,0,0,0,0,0,0
0,0,0,0,0,0,0,0,0,0,0,0,0,0,0,0,0,0,0,0
0,0,0,0,0,0,0,0,0,0,0,0,0,0,0,0,0,0,0,0
0,0,0,0,0,0,0,0,0,0,0,0,0,0,0,0,0,0,0,0
0,0,0,0,0,0,0,0,0,0,0,0,0,0,0,0,0,0,0,0
0,0,0,0,0,0,0,0,0,0,0,0,0,0,0,0,0,0,0,0
0,0,0,0,0,0,0,0,0,0,0,0,0,0,0,0,0,0,0,0
0,0,0,0,0,0,0,0,0,0,0,0,0,0,0,0,0,0,0,0
0,0,0,0,0,0,0,0,0,0,0,0,0,0,0,0,0,0,0,0
0,0,0,0,0,0,0,0,0,0,0,0,0,0,0,0,0,0,0,0
0,0,0,0,0,0,0,0,0,0,0,0,0,0,0,0,0,0,0,0
0,0,0,0,0,0,0,0,0,0,0,0,0,0,0,0,0,0,0,0
0,0,0,0,0,0,0,0,0,0,0,0,0,0,0,0,0,0,0,0
0,0,0,0,0,0,0,0,0,0,0,0,0,0,0,0,0,0,0,0
0,0,0,0,0,0,0,0,0,0,0,0,0,0,0,0,0,0,0,0
0,0,0,0,0,0,0,0,0,0,0,0,0,0,0,0,0,0,0,0
0,0,0,0,0,0,0,0,0,0,0,0,0,0,0,0,0,0,0,0
0,0,0,0,0,0,0,0,0,0,0,0,0,0,0,0,0,0,0,0
0.31272,0.85792,0.58404,0.33845,0.17299,0.384,0.27442,-0.24135,0.83687,0.93707,1.3829,0.95139,-0.0065695,0.81196,0.47315,-0.047383,1.1225,1.0756,1.3191,1.0159
0.30537,0.76792,0.47072,0.37257,0.18049,0.39109,0.27704,-0.24135,0.81092,0.92499,1.3876,0.931,0.020476,0.72241,0.34876,0.023601,1.0998,1.0605,1.2557,0.98514
0.32011,0.63368,0.30124,0.41505,0.18137,0.39109,0.24812,-0.23941,0.79375,0.89961,1.3849,0.91273,0.078787,0.58415,0.1533,0.094449,1.0827,1.0323,1.181,0.96663
0.34763,0.45321,0.092545,0.46237,0.18669,0.38482,0.19782,-0.19138,0.78764,0.86652,1.3771,0.89679,0.14007,0.39116,-0.10232,0.15135,1.0703,0.99424,1.1166,0.95495
0.36629,0.2413,-0.1006,0.50479,0.20384,0.3504,0.16894,-0.10096,0.79044,0.83328,1.3673,0.88384,0.17312,0.15137,-0.34565,0.19715,1.0641,0.95128,1.0808,0.94555
0.36837,0.02864,-0.21093,0.53463,0.24773,0.30613,0.15709,-0.0011177,0.79684,0.80506,1.3553,0.87406,0.17148,-0.11632,-0.45865,0.23081,1.0632,0.90644,1.0708,0.93631
0.36011,-0.14057,-0.25286,0.54945,0.30325,0.25111,0.13622,0.079111,0.80156,0.78207,1.3374,0.86756,0.14642,-0.36781,-0.47711,0.24971,1.063,0.86005,1.0686,0.92659
0.35663,-0.23734,-0.27396,0.54994,0.37313,0.14694,0.10116,0.1418,0.80139,0.76046,1.3096,0.86303,0.11751,-0.54509,-0.48356,0.25792,1.0583,0.81017,1.0604,0.9175
0.37685,-0.25935,-0.26309,0.53963,0.43951,0.060064,0.088459,0.17728,0.79446,0.73688,1.272,0.85958,0.10828,-0.61052,-0.47826,0.25507,1.0466,0.75694,1.0429,0.90894
0.45299,-0.1738,-0.10821,0.52403,0.45393,0.01467,0.09457,0.19728,0.78264,0.71167,1.2313,0.85652,0.16631,-0.52664,-0.33249,0.24632,1.0293,0.70145,1.0194,0.90036
0.61483,0.036421,0.21218,0.50953,0.45393,0.0056569,0.18509,0.22706,0.769,0.68644,1.1976,0.85415,0.3545,-0.28009,0.01029,0.23865,1.0096,0.64711,0.99692,0.89015
0.83272,0.29689,0.54602,0.52046,0.45517,0.0056569,0.28392,0.23358,0.75527,0.66218,1.1776,0.83416,0.61586,0.013948,0.37156,0.25853,0.99038,0.59758,0.98182,0.83579
1.0757,0.53161,0.81372,0.56689,0.52133,0.0056569,0.34959,0.29654,0.72817,0.63739,1.1693,0.82441,0.89344,0.27185,0.6584,0.32316,0.9481,0.5552,0.97724,0.79286
1.3023,0.72665,1.0147,0.68312,0.84142,0.0056569,0.35648,0.46849,0.71471,0.61165,1.1659,0.8303,1.1365,0.48259,0.87194,0.45617,0.91713,0.51708,0.98179,0.76862
1.3292,0.88392,1.1605,0.86479,0.84142,0.0091585,0.35648,0.69056,0.70833,0.58522,1.1632,0.85528,1.1643,0.65401,1.0268,0.65116,0.90536,0.4797,0.99285,0.76325
1.3587,1.0057,1.2632,1.0554,0.84142,0.031744,0.35648,0.86462,0.7064,0.55983,1.1618,0.89682,1.1941,0.78849,1.1362,0.85219,0.89603,0.44142,1.005,0.77126
1.3907,1.0938,1.3326,1.2109,0.84142,0.018583,0.34742,0.94106,0.70789,0.53622,1.1643,0.94424,1.2261,0.88692,1.2109,1.0158,0.88669,0.40476,1.015,0.7843
1.4248,1.1509,1.3763,1.3177,0.84142,-0.02242,0.31018,0.96092,0.70895,0.51422,1.171,0.98563,1.2597,0.9511,1.258,1.1286,0.87653,0.37484,1.0209,0.7945
1.4617,1.1821,1.4003,1.3789,0.84142,-0.059158,0.26987,0.96092,0.70473,0.49413,1.18,1.014,1.2956,0.98619,1.2839,1.1942,0.86366,0.3553,1.0228,0.79722
1.5257,1.1951,1.4107,1.4055,0.84147,-0.059158,0.25476,0.96092,0.727,0.47733,1.1881,1.0286,1.3586,1.0011,1.295,1.2236,0.83445,0.34681,1.0231,0.79219
1.543,1.1987,1.4137,1.4118,0.84147,-0.059158,0.25477,0.96092,0.74255,0.46329,1.1937,1.0322,1.376,1.0051,1.2978,1.2308,0.79825,0.34683,1.0246,0.78208
1.5454,1.1991,1.414,1.4104,0.84147,-0.070223,0.25737,0.96092,0.75623,0.44879,1.1982,1.0284,1.3792,1.0056,1.2978,1.229,0.75667,0.35213,1.0291,0.7708
1.5438,1.1989,1.4137,1.4076,0.84147,-0.078303,0.25737,0.96092,0.77039,0.43049,1.2039,1.0206,1.3793,1.0056,1.2973,1.2255,0.71646,0.35928,1.0357,0.76069
1.5405,1.1979,1.4128,1.4062,0.84147,-0.098587,0.25737,0.96092,0.78664,0.40861,1.2122,1.012,1.3787,1.0046,1.2962,1.2235,0.68549,0.36547,1.0438,0.75298
1.5319,1.1938,1.4087,1.4062,0.84147,-0.10108,0.25737,0.96092,0.80421,0.38711,1.2214,1.0045,1.374,1.001,1.2931,1.2236,0.66735,0.36899,1.0532,0.74763
1.5137,1.1825,1.3953,1.4091,0.84147,-0.10108,0.25648,0.96092,0.82056,0.36874,1.2275,0.99818,1.3606,0.99139,1.2819,1.2275,0.66211,0.36879,1.064,0.74612
1.4959,1.1604,1.365,1.4218,0.84147,-0.10108,0.26927,0.96092,0.84525,0.35314,1.2263,0.99153,1.3449,0.97314,1.2556,1.2455,0.67249,0.36305,1.0741,0.74914
1.4053,1.1305,1.3159,1.4619,0.84147,-0.10108,0.27713,0.96092,0.87151,0.33742,1.2163,0.98147,1.2518,0.9518,1.2123,1.3012,0.68098,0.34861,1.0801,0.75426
1.0519,1.0985,1.2499,1.5412,0.7043,-0.10108,0.24189,0.96092,0.89375,0.31854,1.1976,0.96242,0.88623,0.93712,1.1548,1.4092,0.68241,0.3227,1.0779,0.75599
1.0519,1.0713,1.171,1.6438,0.7043,-0.10189,0.17792,0.96092,0.89375,0.29607,1.1714,0.92774,0.88623,0.93636,1.0866,1.5438,0.68241,0.28507,1.0662,0.74767
1.0519,1.0521,1.0825,1.7409,0.7043,-0.12506,0.17792,0.95721,0.89375,0.26944,1.1382,0.87228,0.88623,0.94789,1.0096,1.6671,0.68241,0.2394,1.0465,0.72508
1.0519,1.0391,0.9883,1.8129,0.7043,-0.2585,0.17792,0.90789,0.89375,0.23684,1.098,0.79582,0.88623,0.96239,0.92545,1.7575,0.68241,0.19187,1.0217,0.68927
1.0519,1.0303,0.89811,1.8548,0.7043,-0.43855,0.17792,0.78115,0.89375,0.19504,1.0513,0.70608,0.88623,0.97269,0.84323,1.8113,0.68241,0.14757,0.99295,0.6475
1.0519,1.0255,0.82953,1.8723,0.7043,-0.45392,0.17792,0.57389,0.89375,0.14177,0.99923,0.61977,0.88623,0.9779,0.78071,1.8356,0.68241,0.10654,0.96074,0.61115
0.69754,1.0276,0.79452,1.8911,0.355,-0.41183,0.16654,0.38061,0.8817,0.078355,0.9439,0.5649,0.53996,0.98166,0.74904,1.8573,0.66936,0.066218,0.92418,0.59482
0.44216,1.0357,0.79031,1.9189,0.18444,-0.29693,0.16202,0.22246,0.86632,0.014276,0.88808,0.53096,0.30239,0.98777,0.74607,1.8864,0.64575,0.027351,0.88452,0.58717
0,0,0,0,0,0,0,0,0,0,0,0,0,0,0,0,0,0,0,0
0,0,0,0,0,0,0,0,0,0,0,0,0,0,0,0,0,0,0,0
0,0,0,0,0,0,0,0,0,0,0,0,0,0,0,0,0,0,0,0
0,0,0,0,0,0,0,0,0,0,0,0,0,0,0,0,0,0,0,0
0,0,0,0,0,0,0,0,0,0,0,0,0,0,0,0,0,0,0,0
0,0,0,0,0,0,0,0,0,0,0,0,0,0,0,0,0,0,0,0
0,0,0,0,0,0,0,0,0,0,0,0,0,0,0,0,0,0,0,0
0,0,0,0,0,0,0,0,0,0,0,0,0,0,0,0,0,0,0,0
0,0,0,0,0,0,0,0,0,0,0,0,0,0,0,0,0,0,0,0
0,0,0,0,0,0,0,0,0,0,0,0,0,0,0,0,0,0,0,0
0,0,0,0,0,0,0,0,0,0,0,0,0,0,0,0,0,0,0,0
0,0,0,0,0,0,0,0,0,0,0,0,0,0,0,0,0,0,0,0
0,0,0,0,0,0,0,0,0,0,0,0,0,0,0,0,0,0,0,0
0,0,0,0,0,0,0,0,0,0,0,0,0,0,0,0,0,0,0,0
0,0,0,0,0,0,0,0,0,0,0,0,0,0,0,0,0,0,0,0
0.29248,1.0957,1.0432,0.60684,-0.066831,0.51842,0.39423,0.11143,0.61392,0.43314,1.1948,0.73543,0.17426,1.0209,0.97776,0.33739,0.72626,0.59091,1.203,0.66728
0.29189,1.058,1.0091,0.60259,-0.044872,0.51842,0.39423,0.13303,0.63045,0.43263,1.2133,0.7209,0.18865,0.98642,0.94372,0.35162,0.72867,0.58315,1.2206,0.67537
0.32167,0.97987,0.93412,0.59039,-0.027512,0.50582,0.39423,0.1492,0.64305,0.42194,1.2247,0.71061,0.23368,0.91013,0.8671,0.35728,0.71979,0.55446,1.2261,0.68457
0.35903,0.84392,0.80423,0.56783,-0.026205,0.46516,0.39423,0.15916,0.6461,0.40489,1.228,0.70299,0.28131,0.77275,0.73413,0.34665,0.70339,0.50813,1.2239,0.69367
0.38869,0.63506,0.61512,0.53975,0.048242,0.40833,0.39423,0.16264,0.64145,0.38618,1.2238,0.69614,0.31353,0.55563,0.53954,0.32017,0.68629,0.45446,1.2173,0.69874
0.45545,0.3516,0.38776,0.55319,0.080814,0.36993,0.35623,0.18054,0.63522,0.36754,1.2134,0.68923,0.38442,0.24768,0.30482,0.33723,0.67191,0.40556,1.2081,0.69704
0.66507,0.071618,0.22157,0.6839,0.11708,0.27666,0.2402,0.23693,0.63017,0.34596,1.1981,0.68201,0.61114,-0.082626,0.13612,0.50848,0.6597,0.36709,1.1964,0.68803
1.0112,0.038846,0.24424,0.94583,0.21326,0.1231,0.058318,0.36448,0.62779,0.31614,1.1776,0.67654,0.97765,-0.11536,0.16695,0.83107,0.6478,0.33632,1.182,0.67445
1.3377,0.23369,0.38967,1.2252,0.2957,-0.014451,-0.059793,0.50526,0.62625,0.27524,1.1511,0.6746,1.3159,0.12794,0.32206,1.1504,0.6355,0.30859,1.1653,0.66061
1.5858,0.4345,0.52909,1.4509,0.31268,-0.075068,-0.046674,0.57241,0.62504,0.2253,1.1179,0.67736,1.57,0.3597,0.46695,1.3974,0.62371,0.28373,1.146,0.65075
1.755,0.5834,0.62048,1.609,0.31268,-0.081166,-0.046674,0.58773,0.62575,0.173,1.0775,0.68336,1.7422,0.52423,0.56095,1.567,0.61385,0.26104,1.1214,0.64758
1.8579,0.67926,0.66604,1.7058,0.31268,-0.091621,-0.046674,0.58773,0.62991,0.12202,1.0297,0.68989,1.8464,0.62909,0.6063,1.6697,0.60703,0.23783,1.0869,0.65056
1.9352,0.73193,0.68025,1.7788,0.31268,-0.13251,-0.046674,0.58773,0.63597,0.072586,0.97596,0.68653,1.9244,0.68664,0.61945,1.7465,0.5955,0.20737,1.0376,0.65855
1.9738,0.75503,0.67926,1.8146,0.31268,-0.18683,-0.046674,0.58773,0.64631,0.022725,0.91888,0.6873,1.9631,0.7121,0.61714,1.7841,0.5866,0.16418,0.97107,0.66262
1.989,0.76267,0.67382,1.8278,0.31268,-0.23751,-0.052017,0.58773,0.65331,-0.027638,0.85911,0.69226,1.9781,0.72081,0.61014,1.7982,0.57687,0.10631,0.89042,0.65967
1.9932,0.76523,0.66947,1.8303,0.31268,-0.30511,-0.081945,0.58773,0.65252,-0.076799,0.79514,0.70232,1.982,0.72374,0.60387,1.8011,0.56352,0.036692,0.80235,0.64921
1.9942,0.76756,0.66751,1.83,0.31268,-0.33912,-0.11568,0.58773,0.6441,-0.12884,0.72267,0.71584,1.9827,0.72623,0.59994,1.8008,0.54791,-0.038126,0.71376,0.63308
1.9942,0.77107,0.6713,1.8297,0.31268,-0.34184,-0.13278,0.58773,0.63156,-0.18781,0.63878,0.72909,1.9824,0.72901,0.60135,1.8004,0.53367,-0.1126,0.62428,0.61592
1.994,0.77946,0.69079,1.8312,0.32688,-0.30725,-0.14565,0.58773,0.6209,-0.25667,0.54301,0.73896,1.9817,0.73504,0.61857,1.8013,0.52212,-0.18666,0.52668,0.60349
1.9938,0.79681,0.73394,1.8349,0.35523,-0.20453,-0.12961,0.58773,0.61448,-0.33027,0.4357,0.74409,1.981,0.74859,0.66082,1.8042,0.5126,-0.266,0.41433,0.60077
1.9935,0.8238,0.79899,1.8399,0.52265,-0.11514,-0.087777,0.60977,0.61384,-0.39517,0.31674,0.74719,1.9798,0.77151,0.72653,1.8082,0.50596,-0.35447,0.28595,0.60874
2.0173,0.85517,0.86949,1.8631,0.52265,-0.066561,-0.011539,0.60977,0.61603,-0.43534,0.19436,0.75546,2.004,0.80038,0.79906,1.8325,0.50412,-0.44683,0.16322,0.60955
2.0292,0.88159,0.92972,1.874,0.52265,-0.055566,0.043169,0.60977,0.61701,-0.44015,0.10414,0.76445,2.0162,0.82655,0.86143,1.8449,0.50394,-0.51153,0.12405,0.61643
2.015,0.903,0.97433,1.8595,0.51226,-0.044337,0.1437,0.59881,0.61766,-0.40026,0.11368,0.77259,2.0019,0.85004,0.90775,1.8317,0.50661,-0.49844,0.24262,0.62671
1.9596,0.93236,1.0099,1.8054,0.46606,-0.02803,0.31983,0.56758,0.61833,-0.32005,0.22639,0.77792,1.9457,0.88328,0.9439,1.7779,0.51143,-0.38805,0.4476,0.63585
1.8493,0.98727,1.0441,1.6996,0.42586,0.03225,0.49385,0.49002,0.61665,-0.21216,0.37072,0.78018,1.8328,0.94371,0.97757,1.6699,0.51627,-0.22968,0.63989,0.63891
1.671,1.0691,1.0786,1.5341,0.4095,0.16239,0.62454,0.37055,0.60843,-0.090033,0.50025,0.78105,1.6484,1.0317,1.0104,1.4975,0.51824,-0.069332,0.78385,0.6328
1.4156,1.1565,1.1082,1.3124,0.40774,0.27402,0.68829,0.30735,0.591,0.039515,0.60457,0.78302,1.3783,1.1236,1.0379,1.2586,0.51464,0.072116,0.87992,0.61803
1.0887,1.2271,1.1285,1.073,0.40681,0.29999,0.70773,0.27405,0.56667,0.16788,0.68867,0.78649,1.0126,1.1972,1.0566,0.98326,0.50245,0.19022,0.93953,0.6014
0.75558,1.2715,1.1396,0.90839,0.40681,0.31002,0.70773,0.25769,0.54187,0.28354,0.75946,0.78911,0.5781,1.2428,1.0666,0.76866,0.48065,0.2846,0.97781,0.59409
0.57296,1.2923,1.1442,0.8903,0.40681,0.32213,0.70773,0.24058,0.52298,0.37878,0.82122,0.78501,0.23289,1.264,1.0711,0.72624,0.45238,0.35808,1.0076,0.60761
0.52307,1.299,1.1456,0.95079,0.40681,0.33669,0.70773,0.23922,0.51377,0.4546,0.87481,0.76983,0.055994,1.2705,1.0728,0.78991,0.42469,0.41418,1.0361,0.64371
0.52307,1.3,1.1444,0.95079,0.40681,0.33877,0.70773,0.23922,0.51377,0.51552,0.92193,0.76983,0.055994,1.2715,1.0721,0.78991,0.42469,0.45701,1.0648,0.64371
0.52307,1.298,1.1374,0.95079,0.40681,0.33877,0.70773,0.23922,0.51377,0.56665,0.96613,0.76983,0.055994,1.2699,1.0655,0.78991,0.42469,0.49052,1.0924,0.64371
0.52307,1.2927,1.1206,0.95079,0.40681,0.33877,0.70773,0.23922,0.51377,0.61154,1.0112,0.76983,0.055994,1.2658,1.0488,0.78991,0.42469,0.51823,1.1186,0.64371
0.52307,1.2829,1.0896,0.95079,0.40681,0.33877,0.70773,0.23922,0.51377,0.65057,1.0586,0.76983,0.055994,1.2578,1.0172,0.78991,0.42469,0.54202,1.1439,0.64371
0.52307,1.2679,1.0412,0.95079,0.40681,0.33877,0.70773,0.23922,0.51377,0.68255,1.1049,0.76983,0.055994,1.2449,0.96713,0.78991,0.42469,0.56322,1.1676,0.64371
0.52307,1.2475,0.97347,0.95079,0.40681,0.33877,0.70773,0.23922,0.51377,0.70716,1.1454,0.76983,0.055994,1.2262,0.89531,0.78991,0.42469,0.58128,1.1857,0.64371
0.1346,1.2192,0.88501,0.31808,-0.17227,0.33877,0.70773,-0.1648,0.92324,0.72377,1.1756,0.98102,-0.40043,1.1985,0.7998,-0.18235,0.70192,0.59488,1.1927,0.89028
0.10101,1.1756,0.7726,0.30527,-0.012746,0.33312,0.70728,-0.10066,0.89556,0.73212,1.1947,0.94235,-0.40941,1.1546,0.67701,-0.11414,0.68158,0.60202,1.1846,0.89675
0.10469,1.1047,0.63243,0.32959,0.11175,0.32742,0.69813,0.020254,0.86273,0.73217,1.2062,0.90569,-0.39029,1.082,0.5219,-0.0092904,0.67042,0.60185,1.1627,0.89051
0,0,0,0,0,0,0,0,0,0,0,0,0,0,0,0,0,0,0,0
0,0,0,0,0,0,0,0,0,0,0,0,0,0,0,0,0,0,0,0
0,0,0,0,0,0,0,0,0,0,0,0,0,0,0,0,0,0,0,0
0,0,0,0,0,0,0,0,0,0,0,0,0,0,0,0,0,0,0,0
0,0,0,0,0,0,0,0,0,0,0,0,0,0,0,0,0,0,0,0
0,0,0,0,0,0,0,0,0,0,0,0,0,0,0,0,0,0,0,0
0,0,0,0,0,0,0,0,0,0,0,0,0,0,0,0,0,0,0,0
0,0,0,0,0,0,0,0,0,0,0,0,0,0,0,0,0,0,0,0
0,0,0,0,0,0,0,0,0,0,0,0,0,0,0,0,0,0,0,0
0,0,0,0,0,0,0,0,0,0,0,0,0,0,0,0,0,0,0,0
0,0,0,0,0,0,0,0,0,0,0,0,0,0,0,0,0,0,0,0
0,0,0,0,0,0,0,0,0,0,0,0,0,0,0,0,0,0,0,0
0,0,0,0,0,0,0,0,0,0,0,0,0,0,0,0,0,0,0,0
0,0,0,0,0,0,0,0,0,0,0,0,0,0,0,0,0,0,0,0
0,0,0,0,0,0,0,0,0,0,0,0,0,0,0,0,0,0,0,0
0,0,0,0,0,0,0,0,0,0,0,0,0,0,0,0,0,0,0,0
0,0,0,0,0,0,0,0,0,0,0,0,0,0,0,0,0,0,0,0
0,0,0,0,0,0,0,0,0,0,0,0,0,0,0,0,0,0,0,0
0,0,0,0,0,0,0,0,0,0,0,0,0,0,0,0,0,0,0,0
0,0,0,0,0,0,0,0,0,0,0,0,0,0,0,0,0,0,0,0
0,0,0,0,0,0,0,0,0,0,0,0,0,0,0,0,0,0,0,0
0,0,0,0,0,0,0,0,0,0,0,0,0,0,0,0,0,0,0,0
0,0,0,0,0,0,0,0,0,0,0,0,0,0,0,0,0,0,0,0
0,0,0,0,0,0,0,0,0,0,0,0,0,0,0,0,0,0,0,0
0.23908,1.0338,0.83926,1.0358,0.21502,0.029597,0.45854,0.13081,0.93711,0.68142,1.0474,0.79296,0.091968,0.99743,0.72403,0.98007,0.90681,0.59619,1.1046,0.8501
0.33612,1.0005,0.84394,1.082,0.22255,0.036108,0.47516,0.15071,0.93261,0.66652,1.0225,0.76627,0.22804,0.96073,0.73458,1.0219,0.89283,0.57782,1.1047,0.82287
0.44372,0.93883,0.81871,1.0975,0.22255,0.027868,0.47516,0.21612,0.92668,0.63943,0.9928,0.74811,0.35157,0.89428,0.71426,1.0324,0.87507,0.53814,1.0992,0.79119
0.54014,0.84076,0.76367,1.09,0.22594,-0.031591,0.47203,0.26673,0.92217,0.60439,0.97144,0.74151,0.44663,0.78804,0.66405,1.0188,0.85768,0.48348,1.0876,0.75902
0.61331,0.71245,0.69685,1.069,0.26656,-0.098096,0.42348,0.30502,0.91995,0.56908,0.96525,0.74273,0.50923,0.64549,0.60197,0.99023,0.84382,0.42773,1.0704,0.72936
0.66201,0.58333,0.64413,1.0426,0.27958,-0.1115,0.38323,0.36361,0.91805,0.54088,0.97123,0.74511,0.54185,0.49685,0.55418,0.95447,0.83337,0.3845,1.049,0.70283
0.69261,0.49426,0.61732,1.0164,0.28881,-0.1115,0.38925,0.39727,0.91335,0.52126,0.98046,0.7432,0.55162,0.38954,0.52934,0.91705,0.82446,0.35715,1.0262,0.67921
0.71404,0.4597,0.60925,0.99315,0.29178,-0.1115,0.39244,0.4286,0.90382,0.50578,0.98675,0.73667,0.54697,0.34479,0.51942,0.88107,0.81583,0.33768,1.0053,0.65835
0.7319,0.45801,0.60904,0.97382,0.29178,-0.11693,0.39244,0.44561,0.89033,0.4895,0.98837,0.72929,0.53251,0.33655,0.51627,0.84989,0.80693,0.31845,0.98922,0.64027
0.74594,0.46789,0.61137,0.95747,0.29178,-0.13031,0.39244,0.44561,0.87568,0.47007,0.98536,0.7243,0.5116,0.34005,0.51537,0.82483,0.79745,0.29993,0.97788,0.62505
0.75386,0.48043,0.6144,0.94257,0.29178,-0.14067,0.39244,0.44561,0.86247,0.44841,0.97841,0.72154,0.48731,0.34487,0.51573,0.80563,0.78707,0.28487,0.96939,0.61316
0.75356,0.49072,0.61534,0.92783,0.29178,-0.14793,0.39244,0.44561,0.85154,0.42798,0.96816,0.71874,0.46297,0.3487,0.51403,0.79017,0.77578,0.27463,0.96162,0.60529
0.76658,0.49354,0.60862,0.92244,0.25203,-0.12207,0.39244,0.44139,0.83594,0.4128,0.95423,0.70347,0.46193,0.34734,0.5052,0.78166,0.75321,0.26802,0.95375,0.57429
0.77335,0.48079,0.5818,0.90258,0.1982,-0.095857,0.39244,0.43052,0.81924,0.4045,0.93685,0.68678,0.46204,0.33071,0.47599,0.75544,0.73023,0.26247,0.94589,0.54272
0.77601,0.44548,0.51997,0.86156,0.16379,-0.05822,0.39244,0.41352,0.80198,0.4026,0.91763,0.67309,0.46091,0.28964,0.40913,0.70265,0.70999,0.25542,0.93866,0.5112
0.77591,0.38493,0.41153,0.79836,0.17241,0.00089811,0.39111,0.42087,0.78605,0.40575,0.8986,0.66428,0.4551,0.21747,0.28956,0.6212,0.69517,0.24592,0.93161,0.48095
0.77219,0.30481,0.25422,0.7193,0.17716,0.03693,0.35232,0.42857,0.77346,0.41314,0.88066,0.65977,0.43947,0.1162,0.1063,0.5172,0.68543,0.23398,0.92323,0.45478
0.76212,0.219,0.064197,0.63612,0.14038,0.037081,0.26408,0.43346,0.76298,0.42353,0.86293,0.6575,0.40983,-0.0025317,-0.14239,0.40463,0.67785,0.22025,0.91212,0.43542
0.74323,0.14711,-0.10989,0.56255,0.13022,0.037081,0.17032,0.43346,0.75181,0.43537,0.84628,0.65521,0.36401,-0.11367,-0.42899,0.3041,0.66861,0.20606,0.89746,0.42511
0.71559,0.099156,-0.20706,0.50536,0.1214,0.019314,0.15771,0.41498,0.73795,0.44534,0.83482,0.65152,0.30342,-0.19387,-0.65818,0.22979,0.65572,0.19465,0.88082,0.42487
0.68251,0.071016,-0.23282,0.46255,0.082313,0.0072419,0.15771,0.38418,0.72253,0.44912,0.83349,0.64679,0.23645,-0.23907,-0.74189,0.18419,0.64063,0.18896,0.8652,0.43474
0.64981,0.052169,-0.23396,0.42675,0.015742,0.0072419,0.15073,0.35035,0.70961,0.44409,0.84349,0.64398,0.1801,-0.26212,-0.72667,0.15868,0.62649,0.18987,0.85298,0.45164
0.62209,0.034849,-0.24037,0.39312,-0.01691,0.020461,0.11068,0.29411,0.70364,0.43092,0.86175,0.64688,0.15589,-0.27411,-0.70156,0.14498,0.6154,0.19725,0.8451,0.47113
0.60168,0.014361,-0.25661,0.35813,-0.0083372,0.06162,0.048213,0.26186,0.70505,0.41485,0.88412,0.65729,0.1783,-0.27825,-0.68507,0.13055,0.60775,0.20982,0.84119,0.48901
0.58898,-0.012238,-0.27895,0.32252,0.012623,0.072353,-0.058381,0.22317,0.70966,0.40339,0.90783,0.67367,0.23449,-0.27966,-0.67775,0.10745,0.60319,0.22486,0.84055,0.50343
0.58256,-0.045633,-0.30233,0.28773,0.033227,0.072353,-0.22176,0.18682,0.71209,0.4019,0.93022,0.69198,0.29676,-0.28304,-0.67362,0.069343,0.6018,0.23963,0.84357,0.51405
0.58146,-0.0819,-0.31991,0.25487,0.055759,0.072353,-0.32676,0.16451,0.70949,0.4099,0.94912,0.70811,0.3461,-0.29241,-0.66408,0.015966,0.60383,0.25224,0.85156,0.52052
0.5847,-0.11519,-0.32723,0.22609,0.097278,0.072353,-0.33879,0.16439,0.70254,0.42173,0.96429,0.71995,0.37686,-0.3087,-0.64836,-0.046622,0.608,0.26228,0.86535,0.52269
0.59026,-0.14247,-0.32083,0.20456,0.15963,0.072353,-0.33331,0.1817,0.69449,0.43215,0.97744,0.72827,0.39173,-0.32824,-0.62322,-0.10477,0.61139,0.26907,0.883,0.52214
0.59578,-0.16655,-0.3027,0.19562,0.23269,0.072353,-0.3228,0.18734,0.68901,0.4379,0.98994,0.735,0.39589,-0.3528,-0.58987,-0.14251,0.61139,0.2728,0.89925,0.52222
0.59919,-0.19522,-0.27937,0.20216,0.26685,0.072353,-0.30766,0.20447,0.68911,0.4383,1.0002,0.74151,0.39598,-0.38465,-0.55237,-0.14562,0.60737,0.27436,0.90825,0.52646
0.60007,-0.23386,-0.25911,0.22444,0.27986,0.063289,-0.28002,0.20549,0.69516,0.43273,1.0045,0.7464,0.39745,-0.42494,-0.51691,-0.10753,0.60052,0.27779,0.90814,0.53698
0.60227,-0.28055,-0.24942,0.26016,0.25732,0.027954,-0.26672,0.18548,0.70536,0.42086,1.0006,0.74768,0.40587,-0.46743,-0.4922,-0.036923,0.59247,0.28839,0.90298,0.55307
0.63284,-0.32356,-0.25004,0.33232,0.28549,-0.0083571,-0.26889,0.17885,0.71551,0.40327,0.98876,0.74471,0.44168,-0.4981,-0.47868,0.071174,0.58514,0.30801,0.90055,0.57102
0.74476,-0.33559,-0.23758,0.49135,0.30635,-0.01689,-0.29562,0.19662,0.7213,0.38242,0.97061,0.73875,0.57332,-0.49241,-0.45223,0.28556,0.57802,0.33152,0.90455,0.58575
0.99686,-0.26169,-0.163,0.7886,0.32713,-0.017056,-0.32901,0.24948,0.71957,0.36164,0.94719,0.73225,0.85656,-0.39152,-0.36325,0.63362,0.5713,0.35063,0.91175,0.59259
1.0189,-0.088026,-0.013748,0.81315,0.32713,-0.022006,-0.37336,0.24948,0.7206,0.34382,0.91904,0.73518,0.88196,-0.18658,-0.20281,0.6618,0.5746,0.35963,0.91513,0.59195
1.0404,0.12114,0.15764,0.83844,0.32713,-0.025558,-0.38894,0.24948,0.72104,0.32921,0.88586,0.73742,0.90629,0.047952,-0.029131,0.69152,0.5757,0.3571,0.90957,0.58893
1.06,0.30606,0.30362,0.86424,0.32713,-0.031795,-0.42465,0.24948,0.72064,0.31413,0.84726,0.73407,0.92725,0.24931,0.11485,0.7222,0.57469,0.34428,0.89339,0.58602
1.0786,0.44397,0.40728,0.89101,0.32713,-0.079972,-0.40269,0.24948,0.72082,0.2927,0.80223,0.72103,0.94557,0.39623,0.21633,0.75397,0.57235,0.32331,0.86823,0.58479
1.0992,0.53442,0.4712,0.92027,0.31369,-0.12629,-0.37829,0.24948,0.72466,0.26043,0.75043,0.69889,0.9652,0.49006,0.27801,0.78819,0.56919,0.29576,0.8358,0.58523
1.1256,0.58623,0.50555,0.95409,0.29655,-0.15648,-0.37219,0.24937,0.73542,0.21605,0.69246,0.67353,0.99106,0.54093,0.31276,0.82679,0.56477,0.26249,0.79648,0.58667
1.1606,0.61243,0.52225,0.99433,0.29622,-0.17298,-0.36304,0.24169,0.75428,0.1629,0.62981,0.65247,1.027,0.56329,0.33125,0.87213,0.55724,0.22383,0.75002,0.5894
1.2054,0.62521,0.53032,1.0424,0.29622,-0.18013,-0.35979,0.24169,0.77842,0.10541,0.56174,0.63848,1.0744,0.57155,0.34181,0.9251,0.5441,0.18041,0.69707,0.59471
1.2606,0.63209,0.53362,1.0992,0.29622,-0.19709,-0.34916,0.24169,0.80191,0.045883,0.48495,0.62863,1.1333,0.5755,0.34768,0.98616,0.52212,0.13308,0.63962,0.6042
1.3279,0.63544,0.53341,1.1186,0.2783,-0.24326,-0.34916,0.2401,0.81654,-0.018455,0.39651,0.63363,1.2039,0.57735,0.34954,1.003,0.48945,0.083595,0.58103,0.6069
1.3326,0.63676,0.53078,1.1304,0.25933,-0.29829,-0.34916,0.22304,0.79004,-0.090933,0.29866,0.64131,1.2046,0.57829,0.34797,1.0107,0.45796,0.030147,0.52171,0.60744
1.3337,0.63714,0.52756,1.1354,0.25933,-0.30863,-0.38029,0.21365,0.73396,-0.17279,0.19825,0.64514,1.1975,0.57861,0.34459,1.0106,0.42245,-0.035752,0.45438,0.59579
1.319,0.63697,0.52497,1.1214,0.18164,-0.32873,-0.4289,0.19114,0.65626,-0.2617,0.099871,0.64061,1.1754,0.57846,0.34126,0.99506,0.40622,-0.12771,0.36342,0.56713
1.2414,0.63542,0.5202,1.0451,0.20585,-0.34984,-0.46279,0.165,0.57606,-0.35187,-0.00049901,0.62724,1.0825,0.57729,0.33542,0.91595,0.43224,-0.25832,0.23153,0.52612
0.696,0.62701,0.50493,0.5606,0.14184,-0.40343,-0.46279,0.13557,0.52099,-0.43293,-0.11015,0.60633,0.31578,0.56955,0.31944,0.39891,0.4927,-0.4309,0.045489,0.48717
0.71827,0.60205,0.46743,0.53025,0.19553,-0.50128,-0.45177,0.13557,0.51311,-0.49611,-0.2282,0.58033,0.35823,0.54458,0.28183,0.36812,0.5405,-0.62841,-0.19793,0.481
0.73478,0.5499,0.39806,0.51188,0.21856,-0.63434,-0.42906,0.13557,0.51996,-0.5383,-0.3373,0.55752,0.3957,0.48947,0.21447,0.34669,0.57673,-0.8052,-0.47635,0.47834
0.74425,0.46318,0.2939,0.50376,0.22566,-0.7194,-0.419,0.13557,0.53622,-0.56531,-0.41526,0.53723,0.42555,0.39343,0.11617,0.33547,0.59566,-0.91416,-0.70781,0.47513
0.75048,0.34368,0.16397,0.502,0.22566,-0.74146,-0.419,0.13567,0.55535,-0.58571,-0.45612,0.51958,0.45503,0.25474,-0.0041125,0.33407,0.59902,-0.96238,-0.81333,0.47049
0.75758,0.20831,0.031917,0.50212,0.22566,-0.71015,-0.419,0.13567,0.57271,-0.60394,-0.47575,0.50529,0.48866,0.090361,-0.12245,0.3377,0.5924,-0.98688,-0.83171,0.46636
0.76741,0.089028,-0.071862,0.5009,0.22566,-0.69629,-0.43317,0.14348,0.58678,-0.61758,-0.49025,0.49538,0.52599,-0.055915,-0.21963,0.3419,0.58215,-1.0029,-0.82274,0.46474
0.77811,0.01299,-0.13212,0.49825,0.22566,-0.66667,-0.44483,0.16155,0.59671,-0.62565,-0.50758,0.4902,0.56181,-0.13562,-0.28286,0.34516,0.57326,-1.0126,-0.81184,0.46571
0.78688,-0.016322,-0.14483,0.49701,0.22566,-0.6158,-0.44365,0.18677,0.60221,-0.62986,-0.5274,0.48939,0.59119,-0.15109,-0.30483,0.35026,0.56805,-1.0135,-0.80308,0.46797
0.79274,0.010654,-0.077657,0.50562,0.22823,-0.53132,-0.42455,0.20032,0.60261,-0.63152,-0.54509,0.49264,0.61273,-0.12112,-0.24239,0.36514,0.56665,-1.0037,-0.79585,0.47006
0.79583,0.10425,0.077611,0.51223,0.25407,-0.43268,-0.29325,0.20211,0.59804,-0.63106,-0.55646,0.48169,0.62757,-0.036299,-0.078265,0.38313,0.56756,-0.98262,-0.78774,0.46688
0.80362,0.22931,0.26257,0.54624,0.30766,-0.32877,-0.12728,0.20609,0.58409,-0.62914,-0.56072,0.47625,0.64888,0.076177,0.12157,0.42749,0.57307,-0.95291,-0.77509,0.46489
0.80629,0.34173,0.42217,0.59202,0.33129,-0.30617,-0.034216,0.1909,0.57382,-0.62576,-0.56036,0.48109,0.66562,0.17975,0.29425,0.48079,0.58204,-0.92007,-0.75454,0.46991
0.80122,0.41979,0.53486,0.63367,0.33129,-0.30493,-0.00095504,0.17757,0.56808,-0.62283,-0.55916,0.49605,0.67496,0.25222,0.41597,0.52646,0.58844,-0.8905,-0.72643,0.48411
0.78769,0.46189,0.60178,0.66098,0.33129,-0.29737,0.0046968,0.17877,0.56493,-0.62539,-0.55638,0.51817,0.67523,0.28976,0.48891,0.55467,0.58757,-0.86868,-0.69415,0.50346
0.76641,0.47648,0.63293,0.67374,0.33129,-0.27973,0.012926,0.16162,0.56238,-0.63857,-0.54565,0.54208,0.66669,0.29946,0.52304,0.56641,0.57871,-0.85615,-0.66096,0.52298
0.73923,0.47536,0.64267,0.68087,0.33129,-0.26105,0.024227,0.18127,0.55804,-0.66412,-0.51715,0.56321,0.65129,0.29289,0.53365,0.57359,0.56626,-0.85001,-0.62266,0.53945
0.71328,0.46887,0.64442,0.69024,0.30971,-0.25084,0.028689,0.26531,0.55364,-0.69357,-0.45379,0.58247,0.63329,0.28086,0.53535,0.58431,0.55931,-0.84251,-0.55908,0.55309
0.7059,0.46572,0.64545,0.7039,0.26998,-0.22094,0.083423,0.26197,0.54714,-0.69488,-0.33631,0.59602,0.63613,0.27406,0.53563,0.60117,0.54634,-0.81217,-0.43526,0.55967
0.698,0.47748,0.65008,0.71689,0.23152,-0.20785,0.16952,0.26197,0.53459,-0.59434,-0.15043,0.61158,0.63596,0.28585,0.53679,0.61676,0.53965,-0.7209,-0.22086,0.56841
0.68646,0.53214,0.66181,0.73073,0.21898,-0.092569,0.25614,0.26197,0.51699,-0.34597,0.078194,0.62858,0.62903,0.35085,0.53986,0.63205,0.54063,-0.51149,0.036724,0.57861
0.66731,0.64741,0.68724,0.74735,0.20833,0.071066,0.31292,0.26197,0.49476,-0.047481,0.304,0.64603,0.61136,0.4888,0.54906,0.64882,0.547,-0.23266,0.27467,0.58884
0.63877,0.80229,0.72856,0.76762,0.20833,0.22216,0.35099,0.26197,0.46885,0.21193,0.49789,0.66315,0.58128,0.67202,0.56981,0.66829,0.55472,0.031896,0.4654,0.59858
0.60131,0.95739,0.77682,0.79035,0.20833,0.28761,0.37997,0.26197,0.44072,0.4073,0.65062,0.67953,0.53947,0.85197,0.60024,0.68931,0.56038,0.24568,0.60749,0.60858
0.55407,1.083,0.81435,0.80833,0.20833,0.29125,0.38255,0.26197,0.41446,0.54291,0.76338,0.69456,0.48591,0.99584,0.62546,0.70542,0.56191,0.40567,0.70905,0.62058
0.493,1.1681,0.82552,0.81042,0.20624,0.29125,0.39743,0.25589,0.39542,0.63143,0.84287,0.70733,0.41625,1.094,0.62774,0.70588,0.55924,0.52135,0.78395,0.63541
0.41698,1.2152,0.80453,0.78514,0.18295,0.29125,0.40706,0.24395,0.3863,0.68814,0.89838,0.71612,0.32864,1.1502,0.59571,0.67775,0.55531,0.60672,0.84726,0.65151
0.33076,1.2346,0.75623,0.72578,0.11001,0.29233,0.40706,0.2001,0.38639,0.72891,0.9386,0.71901,0.22654,1.1761,0.52924,0.61231,0.55458,0.67339,0.91029,0.66464
0,0,0,0,0,0,0,0,0,0,0,0,0,0,0,0,0,0,0,0
0,0,0,0,0,0,0,0,0,0,0,0,0,0,0,0,0,0,0,0
0,0,0,0,0,0,0,0,0,0,0,0,0,0,0,0,0,0,0,0
0,0,0,0,0,0,0,0,0,0,0,0,0,0,0,0,0,0,0,0
0,0,0,0,0,0,0,0,0,0,0,0,0,0,0,0,0,0,0,0
0,0,0,0,0,0,0,0,0,0,0,0,0,0,0,0,0,0,0,0
0,0,0,0,0,0,0,0,0,0,0,0,0,0,0,0,0,0,0,0
0,0,0,0,0,0,0,0,0,0,0,0,0,0,0,0,0,0,0,0
0,0,0,0,0,0,0,0,0,0,0,0,0,0,0,0,0,0,0,0
0,0,0,0,0,0,0,0,0,0,0,0,0,0,0,0,0,0,0,0
0,0,0,0,0,0,0,0,0,0,0,0,0,0,0,0,0,0,0,0
0,0,0,0,0,0,0,0,0,0,0,0,0,0,0,0,0,0,0,0
0,0,0,0,0,0,0,0,0,0,0,0,0,0,0,0,0,0,0,0
0,0,0,0,0,0,0,0,0,0,0,0,0,0,0,0,0,0,0,0
0,0,0,0,0,0,0,0,0,0,0,0,0,0,0,0,0,0,0,0
0,0,0,0,0,0,0,0,0,0,0,0,0,0,0,0,0,0,0,0
0,0,0,0,0,0,0,0,0,0,0,0,0,0,0,0,0,0,0,0
0,0,0,0,0,0,0,0,0,0,0,0,0,0,0,0,0,0,0,0
0,0,0,0,0,0,0,0,0,0,0,0,0,0,0,0,0,0,0,0
0,0,0,0,0,0,0,0,0,0,0,0,0,0,0,0,0,0,0,0
0,0,0,0,0,0,0,0,0,0,0,0,0,0,0,0,0,0,0,0
0,0,0,0,0,0,0,0,0,0,0,0,0,0,0,0,0,0,0,0
0,0,0,0,0,0,0,0,0,0,0,0,0,0,0,0,0,0,0,0
0,0,0,0,0,0,0,0,0,0,0,0,0,0,0,0,0,0,0,0
0,0,0,0,0,0,0,0,0,0,0,0,0,0,0,0,0,0,0,0
0,0,0,0,0,0,0,0,0,0,0,0,0,0,0,0,0,0,0,0
0,0,0,0,0,0,0,0,0,0,0,0,0,0,0,0,0,0,0,0
0,0,0,0,0,0,0,0,0,0,0,0,0,0,0,0,0,0,0,0
0,0,0,0,0,0,0,0,0,0,0,0,0,0,0,0,0,0,0,0
0,0,0,0,0,0,0,0,0,0,0,0,0,0,0,0,0,0,0,0
0,0,0,0,0,0,0,0,0,0,0,0,0,0,0,0,0,0,0,0
0,0,0,0,0,0,0,0,0,0,0,0,0,0,0,0,0,0,0,0
0,0,0,0,0,0,0,0,0,0,0,0,0,0,0,0,0,0,0,0
0,0,0,0,0,0,0,0,0,0,0,0,0,0,0,0,0,0,0,0
0,0,0,0,0,0,0,0,0,0,0,0,0,0,0,0,0,0,0,0
0,0,0,0,0,0,0,0,0,0,0,0,0,0,0,0,0,0,0,0
0,0,0,0,0,0,0,0,0,0,0,0,0,0,0,0,0,0,0,0
0,0,0,0,0,0,0,0,0,0,0,0,0,0,0,0,0,0,0,0
0,0,0,0,0,0,0,0,0,0,0,0,0,0,0,0,0,0,0,0
0,0,0,0,0,0,0,0,0,0,0,0,0,0,0,0,0,0,0,0
0,0,0,0,0,0,0,0,0,0,0,0,0,0,0,0,0,0,0,0
0,0,0,0,0,0,0,0,0,0,0,0,0,0,0,0,0,0,0,0
0,0,0,0,0,0,0,0,0,0,0,0,0,0,0,0,0,0,0,0
0,0,0,0,0,0,0,0,0,0,0,0,0,0,0,0,0,0,0,0
0,0,0,0,0,0,0,0,0,0,0,0,0,0,0,0,0,0,0,0
0,0,0,0,0,0,0,0,0,0,0,0,0,0,0,0,0,0,0,0
0,0,0,0,0,0,0,0,0,0,0,0,0,0,0,0,0,0,0,0
0,0,0,0,0,0,0,0,0,0,0,0,0,0,0,0,0,0,0,0
0,0,0,0,0,0,0,0,0,0,0,0,0,0,0,0,0,0,0,0
0,0,0,0,0,0,0,0,0,0,0,0,0,0,0,0,0,0,0,0
0,0,0,0,0,0,0,0,0,0,0,0,0,0,0,0,0,0,0,0
0,0,0,0,0,0,0,0,0,0,0,0,0,0,0,0,0,0,0,0
0,0,0,0,0,0,0,0,0,0,0,0,0,0,0,0,0,0,0,0
0,0,0,0,0,0,0,0,0,0,0,0,0,0,0,0,0,0,0,0
0,0,0,0,0,0,0,0,0,0,0,0,0,0,0,0,0,0,0,0
0,0,0,0,0,0,0,0,0,0,0,0,0,0,0,0,0,0,0,0
0,0,0,0,0,0,0,0,0,0,0,0,0,0,0,0,0,0,0,0
0,0,0,0,0,0,0,0,0,0,0,0,0,0,0,0,0,0,0,0
0.68888,0.82179,0.7854,0.2922,-0.029774,0.44347,0.2914,0.12745,1.1973,0.9527,1.1858,1.1119,0.56082,0.78751,0.64052,-0.090752,1.1462,1.1042,1.1497,1.0974
0,0,0,0,0,0,0,0,0,0,0,0,0,0,0,0,0,0,0,0
0,0,0,0,0,0,0,0,0,0,0,0,0,0,0,0,0,0,0,0
0,0,0,0,0,0,0,0,0,0,0,0,0,0,0,0,0,0,0,0
0,0,0,0,0,0,0,0,0,0,0,0,0,0,0,0,0,0,0,0
0,0,0,0,0,0,0,0,0,0,0,0,0,0,0,0,0,0,0,0
0,0,0,0,0,0,0,0,0,0,0,0,0,0,0,0,0,0,0,0
0,0,0,0,0,0,0,0,0,0,0,0,0,0,0,0,0,0,0,0
0,0,0,0,0,0,0,0,0,0,0,0,0,0,0,0,0,0,0,0
0,0,0,0,0,0,0,0,0,0,0,0,0,0,0,0,0,0,0,0
0,0,0,0,0,0,0,0,0,0,0,0,0,0,0,0,0,0,0,0
0,0,0,0,0,0,0,0,0,0,0,0,0,0,0,0,0,0,0,0
0,0,0,0,0,0,0,0,0,0,0,0,0,0,0,0,0,0,0,0
0,0,0,0,0,0,0,0,0,0,0,0,0,0,0,0,0,0,0,0
0,0,0,0,0,0,0,0,0,0,0,0,0,0,0,0,0,0,0,0
0,0,0,0,0,0,0,0,0,0,0,0,0,0,0,0,0,0,0,0
0,0,0,0,0,0,0,0,0,0,0,0,0,0,0,0,0,0,0,0
0,0,0,0,0,0,0,0,0,0,0,0,0,0,0,0,0,0,0,0
0,0,0,0,0,0,0,0,0,0,0,0,0,0,0,0,0,0,0,0
0,0,0,0,0,0,0,0,0,0,0,0,0,0,0,0,0,0,0,0
0,0,0,0,0,0,0,0,0,0,0,0,0,0,0,0,0,0,0,0
0,0,0,0,0,0,0,0,0,0,0,0,0,0,0,0,0,0,0,0
0,0,0,0,0,0,0,0,0,0,0,0,0,0,0,0,0,0,0,0
0,0,0,0,0,0,0,0,0,0,0,0,0,0,0,0,0,0,0,0
0,0,0,0,0,0,0,0,0,0,0,0,0,0,0,0,0,0,0,0
0,0,0,0,0,0,0,0,0,0,0,0,0,0,0,0,0,0,0,0
1.9275,1.0402,1.0901,1.807,0.14588,0.34151,0.4146,-0.03062,0.86967,0.34554,0.98695,0.64716,1.9112,1.0203,0.99062,1.7823,0.46135,0.38511,1.0348,0.70616
1.8382,1.0007,1.0062,1.7345,0.16871,0.28178,0.41102,-0.03062,0.89012,0.29324,0.92965,0.63465,1.8201,0.98189,0.90914,1.7063,0.42055,0.35011,0.98551,0.71442
1.7646,0.93616,0.8848,1.6731,0.1964,0.14756,0.39305,-0.03062,0.89121,0.22411,0.8521,0.62403,1.7439,0.91635,0.78985,1.6412,0.39025,0.29764,0.9227,0.71352
1.7025,0.85476,0.74474,1.6199,0.21315,-0.020359,0.39305,-0.03062,0.88021,0.14363,0.7607,0.61253,1.6788,0.83171,0.64985,1.5846,0.37501,0.22404,0.84903,0.70711
1.6489,0.77616,0.62692,1.5728,0.22597,-0.1488,0.39305,-0.016148,0.86528,0.057821,0.66407,0.60094,1.6221,0.74798,0.53058,1.5346,0.37883,0.12439,0.76457,0.70221
1.6489,0.71994,0.56559,1.5728,0.22597,-0.16707,0.39305,-0.016148,0.86528,-0.027968,0.57,0.60094,1.6221,0.68609,0.46855,1.5346,0.37883,-0.005928,0.6674,0.70221
1.6489,0.69285,0.54616,1.5728,0.22597,-0.21703,0.39305,-0.016148,0.86528,-0.10769,0.48879,0.60094,1.6221,0.65374,0.44918,1.5346,0.37883,-0.15909,0.56362,0.70221
1.6489,0.6877,0.53554,1.5728,0.22597,-0.17899,0.39305,-0.016148,0.86528,-0.15444,0.45409,0.60094,1.6221,0.64314,0.43954,1.5346,0.37883,-0.27465,0.50689,0.70221
1.6489,0.69958,0.5298,1.5728,0.22597,-0.083158,0.39517,-0.016148,0.86528,-0.12883,0.51111,0.60094,1.6221,0.64884,0.42974,1.5346,0.37883,-0.22484,0.58987,0.70221
1.6489,0.73122,0.55504,1.5728,0.22597,0.0097304,0.37213,-0.016148,0.86528,-0.027228,0.64507,0.60094,1.6221,0.67361,0.44746,1.5346,0.37883,-0.025117,0.78626,0.70221
1.6489,0.78743,0.6233,1.5728,0.22597,0.082043,0.31977,-0.016148,0.86528,0.10754,0.79169,0.60094,1.6221,0.72696,0.5091,1.5346,0.37883,0.19252,0.98676,0.70221
1.6489,0.86017,0.70878,1.427,0.22597,0.11322,0.25542,-0.10199,0.86528,0.23567,0.91076,0.58086,1.6221,0.80211,0.58941,1.3746,0.37883,0.36809,1.1403,0.70189
1.4083,0.9295,0.77756,1.2145,0.10481,0.13317,0.22199,-0.14016,0.8886,0.3411,0.9933,0.56402,1.3671,0.87634,0.65587,1.1295,0.32743,0.49522,1.2413,0.70765
1.1028,0.97856,0.8165,0.95188,0.030287,0.13317,0.16922,-0.16832,0.89831,0.42462,1.0458,0.55158,1.0227,0.92987,0.69176,0.79002,0.29023,0.58231,1.3005,0.71252
0.80566,1.0021,0.83083,0.71521,-0.015281,0.13317,0.12461,-0.16868,0.88902,0.49285,1.0804,0.54315,0.63135,0.9558,0.70305,0.39704,0.27307,0.64093,1.3337,0.70993
0.6535,1.0064,0.83286,0.60044,-0.10229,0.13336,0.10834,-0.17071,0.86086,0.55217,1.1079,0.53526,0.3555,0.96051,0.70289,0.12496,0.27686,0.68178,1.3562,0.69721
0.6535,1.0023,0.83082,0.60044,-0.10229,0.14397,0.11698,-0.17071,0.86086,0.6067,1.1341,0.53526,0.3555,0.95598,0.69859,0.12496,0.27686,0.71217,1.3783,0.69721
0.6535,0.99807,0.82851,0.60044,-0.10229,0.15531,0.11825,-0.17071,0.86086,0.65769,1.1616,0.53526,0.3555,0.95176,0.6944,0.12496,0.27686,0.73599,1.4028,0.69721
0.6535,0.99614,0.82673,0.60044,-0.10229,0.16232,0.11825,-0.17071,0.86086,0.70493,1.1912,0.53526,0.3555,0.95046,0.6912,0.12496,0.27686,0.75529,1.429,0.69721
0.6535,0.99546,0.82546,0.60044,-0.10229,0.16232,0.11825,-0.17071,0.86086,0.74709,1.2216,0.53526,0.3555,0.95079,0.68895,0.12496,0.27686,0.77157,1.4549,0.69721
0.6535,0.99451,0.82409,0.60044,-0.10229,0.16232,0.11825,-0.17071,0.86086,0.78337,1.2497,0.53526,0.3555,0.95113,0.68697,0.12496,0.27686,0.78582,1.4782,0.69721
0.6535,0.9919,0.82115,0.60044,-0.10229,0.17755,0.11825,-0.17071,0.86086,0.81344,1.2727,0.53526,0.3555,0.95006,0.68395,0.12496,0.27686,0.79858,1.4973,0.69721
0.6535,0.98439,0.81312,0.60044,-0.10229,0.20068,0.12789,-0.17071,0.86086,0.83681,1.2883,0.53526,0.3555,0.94482,0.67593,0.12496,0.27686,0.8083,1.5087,0.69721
0.52111,0.96494,0.79057,0.27608,0.24568,0.2132,0.1243,0.45612,1.0171,0.8526,1.2945,1.0773,0.028041,0.92844,0.65431,-0.54461,0.97391,0.81095,1.5069,0.95268
0.50503,0.92273,0.73903,0.29425,0.24568,0.18988,0.10904,0.45612,0.9851,0.85911,1.2901,1.0873,0.061359,0.89014,0.60223,-0.43837,0.97452,0.80158,1.4861,0.93816
0.59622,0.84488,0.64768,0.45342,0.31295,0.14384,0.088593,0.45612,0.95652,0.85502,1.276,1.088,0.29828,0.81509,0.50736,0.018353,0.98102,0.77652,1.4449,0.93093
0.59622,0.72848,0.53236,0.78697,0.31295,0.079622,0.080816,0.45612,0.95652,0.84112,1.2561,1.0748,0.29828,0.69835,0.39138,0.59169,0.98102,0.73594,1.3889,0.92467
0.59622,0.60544,0.47226,0.78697,0.31295,0.045744,0.071751,0.45612,0.95652,0.81953,1.2352,1.0748,0.29828,0.56962,0.34905,0.59169,0.98102,0.68438,1.33,0.92467
0.59622,0.56494,0.5408,0.78697,0.31295,0.0029857,0.053254,0.45612,0.95652,0.79234,1.2166,1.0748,0.29828,0.52015,0.455,0.59169,0.98102,0.62895,1.2813,0.92467
0.59622,0.65407,0.67164,0.78697,0.31295,0.0029857,0.014439,0.45612,0.95652,0.76067,1.2003,1.0748,0.29828,0.60955,0.60917,0.59169,0.98102,0.57568,1.2469,0.92467
0.59622,0.78987,0.7799,0.78697,0.31295,-0.0026596,0.023712,0.45612,0.95652,0.72464,1.1856,1.0748,0.29828,0.75029,0.72691,0.59169,0.98102,0.52701,1.2203,0.92467
0.59622,0.89858,0.84084,0.78697,0.31295,-0.013486,0.044638,0.45612,0.95652,0.68366,1.1753,1.0748,0.29828,0.86266,0.78938,0.59169,0.98102,0.48245,1.1932,0.92467
0.59622,0.96403,0.87416,0.78697,0.31295,-0.025222,0.2271,0.45612,0.95652,0.63794,1.175,1.0748,0.29828,0.92916,0.82131,0.59169,0.98102,0.44264,1.1647,0.92467
0.59622,0.9963,0.92303,0.78697,0.31295,-0.015167,0.40742,0.45612,0.95652,0.58941,1.1871,1.0748,0.29828,0.96106,0.86811,0.59169,0.98102,0.40921,1.1411,0.92467
0.59622,1.016,1.0196,0.78697,0.31295,-0.024476,0.4901,0.45612,0.95652,0.54404,1.2089,1.0748,0.29828,0.97957,0.96572,0.59169,0.98102,0.38298,1.1304,0.92467
0.59422,1.0448,1.1451,0.82701,0.29826,0.0014676,0.50383,0.381,0.91213,0.51192,1.2356,1.0739,0.35961,1.0084,1.0946,0.65175,0.96493,0.36428,1.1357,0.90147
0.60769,1.0894,1.2597,0.88651,0.26334,0.059949,0.50383,0.31813,0.8674,0.50335,1.2619,1.0769,0.41998,1.0547,1.212,0.72797,0.96287,0.35602,1.151,0.88488
0.60769,1.1389,1.3421,0.96564,0.26334,0.094605,0.50383,0.28024,0.8674,0.52257,1.2829,1.0796,0.41998,1.1063,1.297,0.82127,0.96287,0.37032,1.1651,0.88036
0.60769,1.18,1.39,0.96564,0.26334,0.10664,0.50383,0.28024,0.8674,0.56272,1.2952,1.0796,0.41998,1.1492,1.3465,0.82127,0.96287,0.41999,1.1726,0.88036
0.60769,1.2067,1.4121,0.96564,0.26334,0.088499,0.50353,0.28024,0.8674,0.61177,1.299,1.0796,0.41998,1.1768,1.3695,0.82127,0.96287,0.50025,1.176,0.88036
0.60769,1.2199,1.4193,0.96564,0.26334,0.033768,0.50353,0.28024,0.8674,0.65929,1.2989,1.0796,0.41998,1.1903,1.3769,0.82127,0.96287,0.58843,1.1831,0.88036
0.60769,1.2221,1.4182,0.96564,0.26334,-0.012918,0.50353,0.28024,0.8674,0.69921,1.3026,1.0796,0.41998,1.1926,1.3754,0.82127,0.96287,0.66408,1.1987,0.88036
0.60769,1.2118,1.4095,0.96564,0.26334,-0.022633,0.50353,0.28024,0.8674,0.73015,1.316,1.0796,0.41998,1.1819,1.3658,0.82127,0.96287,0.71975,1.2222,0.88036
0.60769,1.1838,1.3909,0.96564,0.26334,-0.022633,0.50247,0.28024,0.8674,0.75559,1.3409,1.0796,0.41998,1.1533,1.3462,0.82127,0.96287,0.75944,1.2488,0.88036
0.60769,1.1339,1.3649,0.96564,0.26334,-0.022633,0.50581,0.28024,0.8674,0.7813,1.3757,1.0796,0.41998,1.1017,1.3192,0.82127,0.96287,0.79247,1.2749,0.88036
0.60769,1.0645,1.3381,0.96564,0.26334,-0.022633,0.50581,0.28024,0.8674,0.81123,1.416,1.0796,0.41998,1.0296,1.2918,0.82127,0.96287,0.82548,1.2984,0.88036
0.60769,0.99148,1.3193,0.96564,0.26334,-0.022633,0.51059,0.28024,0.8674,0.8442,1.4545,1.0796,0.41998,0.95357,1.2732,0.82127,0.96287,0.85871,1.3179,0.88036
0.60769,0.94275,1.3097,0.96564,0.26334,-0.005601,0.51225,0.28024,0.8674,0.87494,1.4823,1.0796,0.41998,0.90417,1.2642,0.82127,0.96287,0.88817,1.3305,0.88036
0.60769,0.93875,1.2981,1.3816,0.26334,0.044433,0.51212,0.56052,0.8674,0.89742,1.4934,1.0674,0.41998,0.90228,1.2539,1.349,0.96287,0.90966,1.332,1.2823
1.9532,0.97083,1.2666,1.5632,0.63322,0.098657,0.47877,0.56052,1.1334,0.90754,1.4869,1.0327,1.9224,0.9386,1.2233,1.5324,1.1828,0.92168,1.3192,1.2413
2.0668,1.0099,1.2026,1.6814,0.69424,0.13333,0.35162,0.56052,1.0998,0.90376,1.467,0.99722,2.0356,0.98046,1.1591,1.6505,1.1288,0.92526,1.292,1.1956
2.1202,1.034,1.1075,1.7425,0.71334,0.13895,0.21216,0.56052,1.0625,0.88629,1.4411,0.96012,2.0876,1.005,1.0626,1.7106,1.0844,0.92138,1.255,1.1518
2.1281,1.0379,1.0004,1.7586,0.71334,0.12781,0.19343,0.56052,1.024,0.85516,1.4158,0.92356,2.0937,1.0076,0.95138,1.7254,1.0548,0.908,1.2162,1.1144
2.1052,1.0274,0.91652,1.7439,0.71334,0.10969,0.20468,0.56946,0.98678,0.81082,1.3953,0.89079,2.0692,0.99476,0.86225,1.7095,1.0404,0.87995,1.1815,1.0845
2.0667,1.0128,0.87782,1.7133,0.71334,0.10091,0.21061,0.56946,0.95408,0.75522,1.3795,0.86474,2.0293,0.9781,0.82048,1.6781,1.037,0.8324,1.1508,1.0608
2.0243,1.0024,0.87407,1.6779,0.71334,0.12222,0.22771,0.56946,0.92832,0.69382,1.3656,0.84563,1.986,0.9667,0.81676,1.6424,1.0391,0.76573,1.1191,1.0399
1.9845,0.99748,0.8829,1.6439,0.71334,0.14325,0.24543,0.56946,0.91028,0.63476,1.3494,0.83182,1.9453,0.96148,0.82774,1.6082,1.0422,0.68816,1.0842,1.0188
1.948,0.99595,0.89258,1.6121,0.71334,0.16188,0.23801,0.56946,0.89766,0.58597,1.327,0.82051,1.908,0.96015,0.83912,1.5761,1.0435,0.61319,1.0484,0.99623
1.9149,0.9966,0.90221,1.5825,0.71334,0.16243,0.23912,0.56946,0.88812,0.5474,1.2952,0.81014,1.8738,0.96112,0.84908,1.5461,1.0426,0.54932,1.0164,0.97262
1.8846,0.99831,0.91231,1.555,0.71334,0.16243,0.24645,0.56946,0.87937,0.5089,1.2504,0.80017,1.8424,0.9631,0.85765,1.518,1.0413,0.49015,0.98869,0.9492
1.8849,1.0003,0.92363,1.5523,0.71334,0.16243,0.24645,0.54558,0.82784,0.45573,1.1882,0.74016,1.842,0.96547,0.86642,1.5149,1.0089,0.42031,0.96207,0.87851
1.8572,0.99986,0.93633,1.5457,0.71334,0.16243,0.24645,0.53389,0.81797,0.37725,1.1073,0.69571,1.8134,0.96508,0.87596,1.5076,1.0102,0.32882,0.93278,0.79789
1.8377,0.99117,0.94506,1.526,0.71334,0.17712,0.23477,0.53389,0.77078,0.27192,1.0163,0.66083,1.7924,0.9553,0.88136,1.4866,0.99004,0.21609,0.90216,0.71466
1.8158,0.96619,0.94213,1.5066,0.71087,0.20474,0.21391,0.52092,0.73343,0.15322,0.93677,0.63384,1.7684,0.92728,0.87452,1.466,0.97956,0.1103,0.87716,0.65248
1.7497,0.91619,0.929,1.4459,0.66552,0.2995,0.22627,0.46774,0.6987,0.05817,0.89688,0.61076,1.6975,0.87141,0.85537,1.4024,0.98132,0.071455,0.8691,0.60513
1.6253,0.85127,0.9197,1.332,0.61681,0.42651,0.38722,0.40192,0.67224,0.043094,0.90914,0.59612,1.564,0.79469,0.83972,1.2833,0.99347,0.20114,0.89169,0.57769
1.4332,0.83123,0.96817,1.1598,0.57099,0.61297,0.53219,0.32442,0.65799,0.13429,0.95778,0.59316,1.3536,0.75685,0.87852,1.1022,1.0101,0.45767,0.95493,0.56299
1.1744,0.93284,1.108,0.93923,0.49102,0.80976,0.62341,0.24336,0.65674,0.28571,1.0171,0.60071,1.0564,0.84279,1.0169,0.86679,1.0255,0.71927,1.0505,0.54918
0.89218,1.1181,1.2866,0.71562,0.40422,0.91272,0.64757,0.18908,0.66626,0.43708,1.0735,0.61368,0.6921,1.0215,1.1993,0.62115,1.0355,0.92893,1.1559,0.52538
0.70085,1.2968,1.4399,0.56115,0.34673,0.93706,0.65087,0.095074,0.68086,0.56089,1.126,0.62488,0.38695,1.1991,1.3563,0.44267,1.0388,1.0796,1.2524,0.48564
0.66086,1.4308,1.544,0.49446,0.32627,0.93706,0.64971,-0.021898,0.69336,0.65111,1.1782,0.63014,0.30318,1.3337,1.463,0.35599,1.0359,1.1804,1.332,0.43218
0.67225,1.5173,1.5692,0.4585,0.29373,0.93706,0.64417,-0.095373,0.69705,0.71267,1.1909,0.6283,0.3202,1.4216,1.4879,0.29826,1.0296,1.2459,1.3524,0.37428
0.6981,1.566,1.597,0.43561,0.22277,0.93706,0.63297,-0.14248,0.69071,0.75348,1.2097,0.6227,0.35812,1.4724,1.5156,0.24967,1.0239,1.2916,1.3741,0.32784
0.72064,1.5892,1.6273,0.41854,0.1727,0.93706,0.62541,-0.1576,0.67349,0.78103,1.2344,0.61659,0.40719,1.4978,1.5461,0.20603,1.0217,1.3283,1.3969,0.3046
0.72064,1.5984,1.6606,0.41854,0.1727,0.93706,0.62541,-0.1576,0.67349,0.80054,1.2639,0.61659,0.40719,1.5087,1.5797,0.20603,1.0217,1.3596,1.4215,0.3046
0.72064,1.6011,1.6661,0.41854,0.1727,0.93706,0.62541,-0.1576,0.67349,0.81587,1.3393,0.61659,0.40719,1.5118,1.587,0.20603,1.0217,1.3852,1.4592,0.3046
0.72064,1.6024,1.671,0.41854,0.1727,0.93706,0.62541,-0.1576,0.67349,0.83108,1.4014,0.61659,0.40719,1.5128,1.5933,0.20603,1.0217,1.4056,1.4883,0.3046
0.72064,1.6047,1.6751,0.41854,0.1727,0.93706,0.62541,-0.1576,0.67349,0.84935,1.4483,0.61659,0.40719,1.5145,1.5975,0.20603,1.0217,1.4238,1.5116,0.3046
0.72064,1.608,1.6783,0.41854,0.1727,0.93706,0.63846,-0.1576,0.67349,0.87082,1.4793,0.61659,0.40719,1.5173,1.6002,0.20603,1.0217,1.4427,1.531,0.3046
0.72064,1.6105,1.6787,0.41854,0.1727,0.93706,0.64378,-0.1576,0.67349,0.89208,1.496,0.61659,0.40719,1.5194,1.5999,0.20603,1.0217,1.4623,1.5465,0.3046
0.72064,1.6083,1.6729,0.41854,0.1727,0.93706,0.64312,-0.1576,0.67349,0.90671,1.5003,0.61659,0.40719,1.5171,1.5933,0.20603,1.0217,1.4767,1.5554,0.3046
0,0,0,0,0,0,0,0,0,0,0,0,0,0,0,0,0,0,0,0
0,0,0,0,0,0,0,0,0,0,0,0,0,0,0,0,0,0,0,0
0,0,0,0,0,0,0,0,0,0,0,0,0,0,0,0,0,0,0,0
0,0,0,0,0,0,0,0,0,0,0,0,0,0,0,0,0,0,0,0
0,0,0,0,0,0,0,0,0,0,0,0,0,0,0,0,0,0,0,0
0,0,0,0,0,0,0,0,0,0,0,0,0,0,0,0,0,0,0,0
0,0,0,0,0,0,0,0,0,0,0,0,0,0,0,0,0,0,0,0
0,0,0,0,0,0,0,0,0,0,0,0,0,0,0,0,0,0,0,0
0,0,0,0,0,0,0,0,0,0,0,0,0,0,0,0,0,0,0,0
0,0,0,0,0,0,0,0,0,0,0,0,0,0,0,0,0,0,0,0
0,0,0,0,0,0,0,0,0,0,0,0,0,0,0,0,0,0,0,0
0,0,0,0,0,0,0,0,0,0,0,0,0,0,0,0,0,0,0,0
0,0,0,0,0,0,0,0,0,0,0,0,0,0,0,0,0,0,0,0
0,0,0,0,0,0,0,0,0,0,0,0,0,0,0,0,0,0,0,0
0,0,0,0,0,0,0,0,0,0,0,0,0,0,0,0,0,0,0,0
0,0,0,0,0,0,0,0,0,0,0,0,0,0,0,0,0,0,0,0
0,0,0,0,0,0,0,0,0,0,0,0,0,0,0,0,0,0,0,0
0,0,0,0,0,0,0,0,0,0,0,0,0,0,0,0,0,0,0,0
0,0,0,0,0,0,0,0,0,0,0,0,0,0,0,0,0,0,0,0
0,0,0,0,0,0,0,0,0,0,0,0,0,0,0,0,0,0,0,0
0,0,0,0,0,0,0,0,0,0,0,0,0,0,0,0,0,0,0,0
0,0,0,0,0,0,0,0,0,0,0,0,0,0,0,0,0,0,0,0
